# frequency, amplitude, 95% C.L., |d_me|
1.157407e-05 4.934597e-15 1.000000e+30 3.250714e+46
2.314815e-05 5.515027e-15 1.000000e+30 3.250714e+46
3.472222e-05 3.020789e-15 1.000000e+30 3.250714e+46
4.629630e-05 6.933185e-15 7.417463e-15 2.411205e+02
5.787037e-05 3.028561e-15 3.238343e-15 1.052693e+02
6.944444e-05 3.707437e-15 3.980067e-15 1.293806e+02
8.101852e-05 3.034311e-15 3.270140e-15 1.063029e+02
9.259259e-05 3.820810e-15 4.113065e-15 1.337040e+02
1.041667e-04 3.259302e-15 3.562175e-15 1.157961e+02
1.157407e-04 3.622266e-15 3.931443e-15 1.278000e+02
1.273148e-04 3.346677e-15 3.616826e-15 1.175727e+02
1.388889e-04 3.350751e-15 3.681247e-15 1.196668e+02
1.504630e-04 3.440237e-15 3.770281e-15 1.225611e+02
1.620370e-04 3.269654e-15 3.578868e-15 1.163388e+02
1.736111e-04 3.404060e-15 3.842010e-15 1.248927e+02
1.851852e-04 3.364266e-15 3.678427e-15 1.195751e+02
1.967593e-04 3.302115e-15 3.604186e-15 1.171618e+02
2.083333e-04 3.166358e-15 3.564988e-15 1.158875e+02
2.199074e-04 3.382782e-15 3.753480e-15 1.220149e+02
2.314815e-04 3.597882e-15 3.899360e-15 1.267570e+02
2.430556e-04 3.090438e-15 3.331696e-15 1.083039e+02
2.546296e-04 3.263368e-15 3.554557e-15 1.155485e+02
2.662037e-04 3.077865e-15 3.323171e-15 1.080268e+02
2.777778e-04 3.358535e-15 3.666485e-15 1.191869e+02
2.893519e-04 3.301748e-15 3.597291e-15 1.169376e+02
3.009259e-04 3.170964e-15 3.460315e-15 1.124849e+02
3.125000e-04 3.177876e-15 3.467883e-15 1.127310e+02
3.240741e-04 3.299271e-15 3.582059e-15 1.164425e+02
3.356481e-04 3.345118e-15 3.641479e-15 1.183741e+02
3.472222e-04 3.196481e-15 3.450543e-15 1.121673e+02
3.587963e-04 3.479507e-15 3.788656e-15 1.231584e+02
3.703704e-04 3.380589e-15 3.661811e-15 1.190350e+02
3.819444e-04 3.235708e-15 3.514198e-15 1.142365e+02
3.935185e-04 3.191031e-15 3.499307e-15 1.137525e+02
4.050926e-04 3.463361e-15 3.801628e-15 1.235800e+02
4.166667e-04 3.108301e-15 3.398579e-15 1.104781e+02
4.282407e-04 3.277356e-15 3.594305e-15 1.168406e+02
4.398148e-04 3.211530e-15 3.494583e-15 1.135989e+02
4.513889e-04 3.687834e-15 4.001951e-15 1.300920e+02
4.629630e-04 3.565397e-15 3.818678e-15 1.241343e+02
4.745370e-04 3.540948e-15 3.823128e-15 1.242789e+02
4.861111e-04 3.297687e-15 3.564478e-15 1.158710e+02
4.976852e-04 3.352718e-15 3.604014e-15 1.171562e+02
5.092593e-04 3.038970e-15 3.335329e-15 1.084220e+02
5.208333e-04 3.131153e-15 3.366529e-15 1.094362e+02
5.324074e-04 3.225750e-15 3.552867e-15 1.154935e+02
5.439815e-04 3.479521e-15 3.791606e-15 1.232542e+02
5.555556e-04 3.334326e-15 3.624949e-15 1.178367e+02
5.671296e-04 3.416774e-15 3.666003e-15 1.191713e+02
5.787037e-04 3.356993e-15 3.622567e-15 1.177593e+02
5.902778e-04 3.527371e-15 3.832735e-15 1.245912e+02
6.018519e-04 3.429283e-15 3.671270e-15 1.193425e+02
6.134259e-04 3.384526e-15 3.663122e-15 1.190776e+02
6.250000e-04 3.398703e-15 3.695820e-15 1.201405e+02
6.365741e-04 3.739991e-15 4.089082e-15 1.329243e+02
6.481481e-04 3.680258e-15 3.963756e-15 1.288504e+02
6.597222e-04 3.737699e-15 4.050872e-15 1.316823e+02
6.712963e-04 4.194882e-15 4.562599e-15 1.483170e+02
6.828704e-04 4.229629e-15 4.657759e-15 1.514104e+02
6.944444e-04 4.844602e-15 5.382977e-15 1.749852e+02
7.060185e-04 4.751100e-15 5.294763e-15 1.721176e+02
7.175926e-04 5.130599e-15 5.715781e-15 1.858037e+02
7.291667e-04 5.224105e-15 5.986511e-15 1.946043e+02
7.407407e-04 4.853659e-15 5.339925e-15 1.735857e+02
7.523148e-04 5.366616e-15 5.938351e-15 1.930388e+02
7.638889e-04 5.278841e-15 5.801875e-15 1.886023e+02
7.754630e-04 6.098249e-15 6.846650e-15 2.225650e+02
7.870370e-04 5.746704e-15 6.341338e-15 2.061387e+02
7.986111e-04 5.902534e-15 6.522911e-15 2.120412e+02
8.101852e-04 6.205460e-15 6.904234e-15 2.244369e+02
8.217593e-04 6.904659e-15 7.694403e-15 2.501230e+02
8.333333e-04 7.510196e-15 8.230897e-15 2.675629e+02
8.449074e-04 6.785026e-15 7.478731e-15 2.431121e+02
8.564815e-04 7.761833e-15 8.559343e-15 2.782397e+02
8.680556e-04 8.827646e-15 9.717132e-15 3.158761e+02
8.796296e-04 8.695857e-15 9.449127e-15 3.071641e+02
8.912037e-04 9.913816e-15 1.095086e-14 3.559810e+02
9.027778e-04 1.169938e-14 1.287382e-14 4.184912e+02
9.143519e-04 1.126525e-14 1.253470e-14 4.074672e+02
9.259259e-04 1.214389e-14 1.333507e-14 4.334849e+02
9.375000e-04 1.094579e-14 1.189884e-14 3.867973e+02
9.490741e-04 1.029438e-14 1.130841e-14 3.676039e+02
9.606481e-04 9.793466e-15 1.077977e-14 3.504193e+02
9.722222e-04 8.779557e-15 9.636789e-15 3.132644e+02
9.837963e-04 7.739888e-15 8.544033e-15 2.777421e+02
9.953704e-04 6.520593e-15 7.257076e-15 2.359068e+02
1.006944e-03 6.181584e-15 6.845719e-15 2.225347e+02
1.018519e-03 6.279709e-15 6.949966e-15 2.259235e+02
1.030093e-03 5.436338e-15 5.951246e-15 1.934580e+02
1.041667e-03 5.083570e-15 5.703928e-15 1.854184e+02
1.053241e-03 4.953456e-15 5.420203e-15 1.761953e+02
1.064815e-03 4.905592e-15 5.446552e-15 1.770518e+02
1.076389e-03 4.356189e-15 4.807122e-15 1.562658e+02
1.087963e-03 4.364624e-15 4.782273e-15 1.554580e+02
1.099537e-03 4.316318e-15 4.628251e-15 1.504512e+02
1.111111e-03 4.750566e-15 5.122675e-15 1.665235e+02
1.122685e-03 4.318006e-15 4.649121e-15 1.511296e+02
1.134259e-03 4.110244e-15 4.450312e-15 1.446669e+02
1.145833e-03 3.458759e-15 3.750149e-15 1.219066e+02
1.157407e-03 3.810558e-15 4.094651e-15 1.331054e+02
1.168981e-03 3.403263e-15 3.647825e-15 1.185804e+02
1.180556e-03 3.724678e-15 3.987389e-15 1.296186e+02
1.192130e-03 3.854399e-15 4.115438e-15 1.337811e+02
1.203704e-03 3.791088e-15 4.075422e-15 1.324803e+02
1.215278e-03 3.564181e-15 3.802121e-15 1.235961e+02
1.226852e-03 3.559748e-15 3.817349e-15 1.240911e+02
1.238426e-03 3.573950e-15 3.819736e-15 1.241687e+02
1.250000e-03 3.350472e-15 3.583298e-15 1.164828e+02
1.261574e-03 3.108281e-15 3.349873e-15 1.088948e+02
1.273148e-03 3.488043e-15 3.741877e-15 1.216377e+02
1.284722e-03 3.753502e-15 3.989787e-15 1.296965e+02
1.296296e-03 3.079638e-15 3.328675e-15 1.082057e+02
1.307870e-03 3.266143e-15 3.482968e-15 1.132213e+02
1.319444e-03 2.996280e-15 3.237439e-15 1.052399e+02
1.331019e-03 3.502423e-15 3.737299e-15 1.214889e+02
1.342593e-03 3.663608e-15 3.897522e-15 1.266973e+02
1.354167e-03 3.472850e-15 3.702414e-15 1.203549e+02
1.365741e-03 3.106934e-15 3.340088e-15 1.085767e+02
1.377315e-03 3.331573e-15 3.563530e-15 1.158402e+02
1.388889e-03 3.736679e-15 3.989118e-15 1.296748e+02
1.400463e-03 3.506299e-15 3.746023e-15 1.217725e+02
1.412037e-03 3.666109e-15 3.913635e-15 1.272211e+02
1.423611e-03 4.012511e-15 4.300429e-15 1.397947e+02
1.435185e-03 3.469347e-15 3.681301e-15 1.196686e+02
1.446759e-03 3.471561e-15 3.717806e-15 1.208552e+02
1.458333e-03 3.403109e-15 3.668377e-15 1.192484e+02
1.469907e-03 3.676367e-15 3.943309e-15 1.281857e+02
1.481481e-03 3.535931e-15 3.759210e-15 1.222012e+02
1.493056e-03 3.569759e-15 3.805912e-15 1.237193e+02
1.504630e-03 3.785924e-15 4.017009e-15 1.305815e+02
1.516204e-03 4.024834e-15 4.291157e-15 1.394932e+02
1.527778e-03 3.319473e-15 3.535015e-15 1.149132e+02
1.539352e-03 3.321929e-15 3.555835e-15 1.155900e+02
1.550926e-03 3.491039e-15 3.744300e-15 1.217165e+02
1.562500e-03 3.580682e-15 3.813717e-15 1.239730e+02
1.574074e-03 3.654379e-15 3.894075e-15 1.265852e+02
1.585648e-03 3.060002e-15 3.300745e-15 1.072978e+02
1.597222e-03 3.472569e-15 3.726055e-15 1.211234e+02
1.608796e-03 3.339665e-15 3.578029e-15 1.163115e+02
1.620370e-03 3.773794e-15 4.022693e-15 1.307662e+02
1.631944e-03 3.748458e-15 4.063731e-15 1.321003e+02
1.643519e-03 3.699268e-15 3.945375e-15 1.282528e+02
1.655093e-03 3.627628e-15 3.916879e-15 1.273265e+02
1.666667e-03 3.525517e-15 3.774831e-15 1.227090e+02
1.678241e-03 3.548253e-15 3.794682e-15 1.233542e+02
1.689815e-03 3.425087e-15 3.660807e-15 1.190023e+02
1.701389e-03 3.670504e-15 3.977915e-15 1.293106e+02
1.712963e-03 3.518634e-15 3.737045e-15 1.214806e+02
1.724537e-03 3.582863e-15 3.854108e-15 1.252860e+02
1.736111e-03 3.981308e-15 4.306769e-15 1.400007e+02
1.747685e-03 3.773869e-15 4.033282e-15 1.311105e+02
1.759259e-03 3.624718e-15 3.914709e-15 1.272560e+02
1.770833e-03 4.176134e-15 4.431540e-15 1.440567e+02
1.782407e-03 3.627419e-15 3.858289e-15 1.254219e+02
1.793981e-03 4.122559e-15 4.376327e-15 1.422619e+02
1.805556e-03 4.713599e-15 4.989144e-15 1.621828e+02
1.817130e-03 3.946827e-15 4.220255e-15 1.371884e+02
1.828704e-03 4.138377e-15 4.427566e-15 1.439275e+02
1.840278e-03 3.796293e-15 4.044704e-15 1.314818e+02
1.851852e-03 3.740483e-15 4.023453e-15 1.307909e+02
1.863426e-03 3.889586e-15 4.187846e-15 1.361349e+02
1.875000e-03 4.065871e-15 4.378467e-15 1.423314e+02
1.886574e-03 4.024201e-15 4.345425e-15 1.412573e+02
1.898148e-03 4.041951e-15 4.305037e-15 1.399444e+02
1.909722e-03 3.857280e-15 4.118607e-15 1.338841e+02
1.921296e-03 3.694474e-15 3.941581e-15 1.281295e+02
1.932870e-03 3.931730e-15 4.254145e-15 1.382901e+02
1.944444e-03 3.809138e-15 4.052954e-15 1.317499e+02
1.956019e-03 3.951790e-15 4.250947e-15 1.381861e+02
1.967593e-03 3.495735e-15 3.752385e-15 1.219793e+02
1.979167e-03 4.260493e-15 4.565023e-15 1.483958e+02
1.990741e-03 3.408610e-15 3.613728e-15 1.174720e+02
2.002315e-03 4.218980e-15 4.515502e-15 1.467860e+02
2.013889e-03 3.894169e-15 4.160534e-15 1.352470e+02
2.025463e-03 3.999278e-15 4.289124e-15 1.394271e+02
2.037037e-03 3.815394e-15 4.063675e-15 1.320984e+02
2.048611e-03 4.372759e-15 4.648492e-15 1.511092e+02
2.060185e-03 3.924125e-15 4.228616e-15 1.374602e+02
2.071759e-03 3.944084e-15 4.197780e-15 1.364578e+02
2.083333e-03 3.473493e-15 3.713995e-15 1.207314e+02
2.094907e-03 3.684639e-15 3.915900e-15 1.272947e+02
2.106481e-03 3.922867e-15 4.172802e-15 1.356458e+02
2.118056e-03 4.219378e-15 4.505081e-15 1.464473e+02
2.129630e-03 4.027365e-15 4.285874e-15 1.393215e+02
2.141204e-03 4.473558e-15 4.774022e-15 1.551898e+02
2.152778e-03 3.799095e-15 4.073136e-15 1.324060e+02
2.164352e-03 3.616845e-15 3.864149e-15 1.256124e+02
2.175926e-03 5.169858e-15 5.460208e-15 1.774957e+02
2.187500e-03 4.345489e-15 4.621285e-15 1.502247e+02
2.199074e-03 4.187770e-15 4.491086e-15 1.459923e+02
2.210648e-03 4.029628e-15 4.301259e-15 1.398216e+02
2.222222e-03 4.990020e-15 5.315610e-15 1.727952e+02
2.233796e-03 4.477419e-15 4.747064e-15 1.543134e+02
2.245370e-03 4.159636e-15 4.439439e-15 1.443134e+02
2.256944e-03 3.677484e-15 3.936480e-15 1.279637e+02
2.268519e-03 3.915243e-15 4.227631e-15 1.374282e+02
2.280093e-03 4.361486e-15 4.656875e-15 1.513817e+02
2.291667e-03 4.241591e-15 4.528042e-15 1.471937e+02
2.303241e-03 3.844443e-15 4.090150e-15 1.329591e+02
2.314815e-03 3.875749e-15 4.145381e-15 1.347545e+02
2.326389e-03 4.053225e-15 4.279383e-15 1.391105e+02
2.337963e-03 3.923907e-15 4.239706e-15 1.378207e+02
2.349537e-03 3.691873e-15 3.947487e-15 1.283215e+02
2.361111e-03 3.949184e-15 4.240072e-15 1.378326e+02
2.372685e-03 3.982764e-15 4.285569e-15 1.393116e+02
2.384259e-03 3.949275e-15 4.216277e-15 1.370591e+02
2.395833e-03 4.415355e-15 4.688706e-15 1.524164e+02
2.407407e-03 3.825178e-15 4.088031e-15 1.328902e+02
2.418981e-03 4.045354e-15 4.366403e-15 1.419392e+02
2.430556e-03 3.684395e-15 3.969758e-15 1.290455e+02
2.442130e-03 3.634180e-15 3.888096e-15 1.263909e+02
2.453704e-03 3.824354e-15 4.063342e-15 1.320876e+02
2.465278e-03 3.702277e-15 3.995205e-15 1.298727e+02
2.476852e-03 3.891741e-15 4.169630e-15 1.355427e+02
2.488426e-03 3.841886e-15 4.093398e-15 1.330647e+02
2.500000e-03 4.384392e-15 4.666179e-15 1.516841e+02
2.511574e-03 4.310097e-15 4.596328e-15 1.494135e+02
2.523148e-03 4.322877e-15 4.602554e-15 1.496159e+02
2.534722e-03 3.790829e-15 4.002783e-15 1.301190e+02
2.546296e-03 4.741762e-15 5.099405e-15 1.657671e+02
2.557870e-03 4.406692e-15 4.715078e-15 1.532737e+02
2.569444e-03 4.421446e-15 4.701524e-15 1.528331e+02
2.581019e-03 4.843687e-15 5.194245e-15 1.688500e+02
2.592593e-03 4.209243e-15 4.544126e-15 1.477165e+02
2.604167e-03 4.240921e-15 4.518774e-15 1.468924e+02
2.615741e-03 4.222530e-15 4.521171e-15 1.469703e+02
2.627315e-03 4.252662e-15 4.535358e-15 1.474315e+02
2.638889e-03 4.103617e-15 4.432263e-15 1.440802e+02
2.650463e-03 3.903665e-15 4.163382e-15 1.353396e+02
2.662037e-03 4.044324e-15 4.355243e-15 1.415765e+02
2.673611e-03 4.036814e-15 4.308797e-15 1.400666e+02
2.685185e-03 3.955067e-15 4.211386e-15 1.369001e+02
2.696759e-03 4.395369e-15 4.722266e-15 1.535074e+02
2.708333e-03 4.745002e-15 5.033907e-15 1.636379e+02
2.719907e-03 3.952482e-15 4.235281e-15 1.376769e+02
2.731481e-03 4.550116e-15 4.839239e-15 1.573098e+02
2.743056e-03 4.187437e-15 4.480089e-15 1.456349e+02
2.754630e-03 3.939812e-15 4.209740e-15 1.368466e+02
2.766204e-03 4.265593e-15 4.569036e-15 1.485263e+02
2.777778e-03 4.561632e-15 4.898141e-15 1.592245e+02
2.789352e-03 4.815384e-15 5.109972e-15 1.661106e+02
2.800926e-03 4.515305e-15 4.813730e-15 1.564806e+02
2.812500e-03 5.021007e-15 5.346243e-15 1.737910e+02
2.824074e-03 4.299246e-15 4.591050e-15 1.492419e+02
2.835648e-03 4.091760e-15 4.363587e-15 1.418477e+02
2.847222e-03 4.740354e-15 5.063836e-15 1.646108e+02
2.858796e-03 4.153766e-15 4.446218e-15 1.445338e+02
2.870370e-03 4.621414e-15 4.950055e-15 1.609121e+02
2.881944e-03 4.082012e-15 4.368602e-15 1.420107e+02
2.893519e-03 4.950689e-15 5.298843e-15 1.722502e+02
2.905093e-03 4.479247e-15 4.822864e-15 1.567775e+02
2.916667e-03 4.775127e-15 5.145925e-15 1.672793e+02
2.928241e-03 4.528311e-15 4.831131e-15 1.570462e+02
2.939815e-03 4.457362e-15 4.771205e-15 1.550982e+02
2.951389e-03 4.627916e-15 4.971729e-15 1.616167e+02
2.962963e-03 4.349204e-15 4.647399e-15 1.510736e+02
2.974537e-03 4.478303e-15 4.752049e-15 1.544755e+02
2.986111e-03 3.937477e-15 4.260110e-15 1.384840e+02
2.997685e-03 4.300493e-15 4.591134e-15 1.492446e+02
3.009259e-03 4.132835e-15 4.413014e-15 1.434544e+02
3.020833e-03 4.438407e-15 4.770601e-15 1.550786e+02
3.032407e-03 4.533994e-15 4.854094e-15 1.577927e+02
3.043981e-03 4.293652e-15 4.594484e-15 1.493535e+02
3.055556e-03 4.545994e-15 4.826578e-15 1.568982e+02
3.067130e-03 4.586775e-15 4.877465e-15 1.585524e+02
3.078704e-03 4.771953e-15 5.147967e-15 1.673457e+02
3.090278e-03 4.290182e-15 4.576229e-15 1.487601e+02
3.101852e-03 4.247661e-15 4.550006e-15 1.479077e+02
3.113426e-03 4.669754e-15 5.009794e-15 1.628541e+02
3.125000e-03 4.915397e-15 5.240595e-15 1.703567e+02
3.136574e-03 4.356284e-15 4.619383e-15 1.501629e+02
3.148148e-03 4.107676e-15 4.381021e-15 1.424145e+02
3.159722e-03 4.791090e-15 5.108026e-15 1.660473e+02
3.171296e-03 5.424145e-15 5.770086e-15 1.875690e+02
3.182870e-03 4.530060e-15 4.842000e-15 1.573996e+02
3.194444e-03 4.968362e-15 5.324227e-15 1.730754e+02
3.206019e-03 4.623734e-15 4.974516e-15 1.617073e+02
3.217593e-03 4.578069e-15 4.886930e-15 1.588601e+02
3.229167e-03 4.696164e-15 4.976681e-15 1.617776e+02
3.240741e-03 4.967680e-15 5.288072e-15 1.719001e+02
3.252315e-03 4.577369e-15 4.911884e-15 1.596713e+02
3.263889e-03 4.629808e-15 4.965955e-15 1.614290e+02
3.275463e-03 4.564226e-15 4.844025e-15 1.574654e+02
3.287037e-03 5.422121e-15 5.800381e-15 1.885538e+02
3.298611e-03 4.503031e-15 4.821260e-15 1.567254e+02
3.310185e-03 4.960562e-15 5.271869e-15 1.713734e+02
3.321759e-03 4.667970e-15 5.022746e-15 1.632751e+02
3.333333e-03 6.334424e-15 6.735104e-15 2.189390e+02
3.344907e-03 4.427000e-15 4.739473e-15 1.540667e+02
3.356481e-03 4.941372e-15 5.321743e-15 1.729946e+02
3.368056e-03 4.817964e-15 5.138915e-15 1.670514e+02
3.379630e-03 4.997541e-15 5.336728e-15 1.734817e+02
3.391204e-03 5.109668e-15 5.394605e-15 1.753632e+02
3.402778e-03 4.775562e-15 5.108285e-15 1.660557e+02
3.414352e-03 4.801170e-15 5.139671e-15 1.670760e+02
3.425926e-03 4.685313e-15 5.056723e-15 1.643796e+02
3.437500e-03 4.813680e-15 5.137189e-15 1.669953e+02
3.449074e-03 4.838227e-15 5.212459e-15 1.694421e+02
3.460648e-03 4.879183e-15 5.210439e-15 1.693765e+02
3.472222e-03 4.765601e-15 5.100078e-15 1.657889e+02
3.483796e-03 4.359990e-15 4.644784e-15 1.509886e+02
3.495370e-03 5.026058e-15 5.363737e-15 1.743597e+02
3.506944e-03 5.078413e-15 5.436647e-15 1.767298e+02
3.518519e-03 5.650045e-15 6.031842e-15 1.960779e+02
3.530093e-03 5.158995e-15 5.508606e-15 1.790690e+02
3.541667e-03 5.176045e-15 5.476866e-15 1.780372e+02
3.553241e-03 5.694889e-15 6.036824e-15 1.962399e+02
3.564815e-03 4.939184e-15 5.295138e-15 1.721298e+02
3.576389e-03 4.795613e-15 5.148141e-15 1.673513e+02
3.587963e-03 4.898493e-15 5.208049e-15 1.692988e+02
3.599537e-03 4.721323e-15 5.028751e-15 1.634703e+02
3.611111e-03 5.270719e-15 5.624414e-15 1.828336e+02
3.622685e-03 4.771187e-15 5.100686e-15 1.658087e+02
3.634259e-03 5.014341e-15 5.346215e-15 1.737902e+02
3.645833e-03 4.643887e-15 4.992320e-15 1.622860e+02
3.657407e-03 5.443484e-15 5.781168e-15 1.879292e+02
3.668981e-03 5.283437e-15 5.599848e-15 1.820350e+02
3.680556e-03 4.543631e-15 4.875203e-15 1.584789e+02
3.692130e-03 4.798072e-15 5.168718e-15 1.680202e+02
3.703704e-03 4.631134e-15 4.929323e-15 1.602382e+02
3.715278e-03 5.082190e-15 5.488583e-15 1.784181e+02
3.726852e-03 4.856142e-15 5.186566e-15 1.686004e+02
3.738426e-03 5.014276e-15 5.333008e-15 1.733608e+02
3.750000e-03 4.778442e-15 5.137588e-15 1.670083e+02
3.761574e-03 5.530895e-15 5.877237e-15 1.910521e+02
3.773148e-03 4.960255e-15 5.337666e-15 1.735122e+02
3.784722e-03 5.350437e-15 5.688584e-15 1.849196e+02
3.796296e-03 5.078483e-15 5.430196e-15 1.765201e+02
3.807870e-03 4.806266e-15 5.167718e-15 1.679877e+02
3.819444e-03 5.504212e-15 5.892909e-15 1.915616e+02
3.831019e-03 5.551731e-15 5.909412e-15 1.920981e+02
3.842593e-03 5.200458e-15 5.528864e-15 1.797275e+02
3.854167e-03 4.879652e-15 5.223054e-15 1.697865e+02
3.865741e-03 5.857592e-15 6.215365e-15 2.020437e+02
3.877315e-03 5.010421e-15 5.329615e-15 1.732505e+02
3.888889e-03 5.329683e-15 5.700941e-15 1.853213e+02
3.900463e-03 5.489803e-15 5.872599e-15 1.909014e+02
3.912037e-03 5.638688e-15 6.022523e-15 1.957750e+02
3.923611e-03 5.152124e-15 5.477650e-15 1.780627e+02
3.935185e-03 5.454587e-15 5.810478e-15 1.888820e+02
3.946759e-03 5.052929e-15 5.381359e-15 1.749326e+02
3.958333e-03 5.102092e-15 5.444922e-15 1.769988e+02
3.969907e-03 5.398359e-15 5.761373e-15 1.872857e+02
3.981481e-03 5.446900e-15 5.796644e-15 1.884323e+02
3.993056e-03 5.124125e-15 5.485254e-15 1.783099e+02
4.004630e-03 5.255501e-15 5.574357e-15 1.812064e+02
4.016204e-03 5.042899e-15 5.414768e-15 1.760186e+02
4.027778e-03 5.060548e-15 5.397882e-15 1.754697e+02
4.039352e-03 4.901886e-15 5.232688e-15 1.700997e+02
4.050926e-03 4.962184e-15 5.307619e-15 1.725355e+02
4.062500e-03 5.815350e-15 6.191654e-15 2.012730e+02
4.074074e-03 5.147670e-15 5.543400e-15 1.802001e+02
4.085648e-03 4.760682e-15 5.064896e-15 1.646453e+02
4.097222e-03 5.424731e-15 5.775642e-15 1.877496e+02
4.108796e-03 5.773586e-15 6.147482e-15 1.998370e+02
4.120370e-03 4.820363e-15 5.144235e-15 1.672243e+02
4.131944e-03 5.259895e-15 5.671807e-15 1.843742e+02
4.143519e-03 5.693856e-15 6.138769e-15 1.995538e+02
4.155093e-03 4.866377e-15 5.227916e-15 1.699446e+02
4.166667e-03 5.722226e-15 6.132691e-15 1.993562e+02
4.178241e-03 5.415443e-15 5.795387e-15 1.883915e+02
4.189815e-03 5.572722e-15 5.982891e-15 1.944867e+02
4.201389e-03 5.202180e-15 5.563981e-15 1.808691e+02
4.212963e-03 5.357011e-15 5.757719e-15 1.871670e+02
4.224537e-03 5.097601e-15 5.497477e-15 1.787072e+02
4.236111e-03 5.978874e-15 6.337412e-15 2.060111e+02
4.247685e-03 5.329473e-15 5.674193e-15 1.844518e+02
4.259259e-03 4.955141e-15 5.300550e-15 1.723057e+02
4.270833e-03 5.572992e-15 5.869634e-15 1.908050e+02
4.282407e-03 5.689634e-15 6.042222e-15 1.964153e+02
4.293981e-03 5.619752e-15 5.986862e-15 1.946158e+02
4.305556e-03 5.068416e-15 5.410487e-15 1.758794e+02
4.317130e-03 5.208495e-15 5.576727e-15 1.812834e+02
4.328704e-03 5.303828e-15 5.616407e-15 1.825733e+02
4.340278e-03 5.073835e-15 5.431670e-15 1.765680e+02
4.351852e-03 5.588538e-15 6.011254e-15 1.954087e+02
4.363426e-03 5.758693e-15 6.136494e-15 1.994799e+02
4.375000e-03 5.242912e-15 5.620103e-15 1.826935e+02
4.386574e-03 5.308786e-15 5.687474e-15 1.848835e+02
4.398148e-03 5.498016e-15 5.868968e-15 1.907833e+02
4.409722e-03 5.098719e-15 5.461583e-15 1.775404e+02
4.421296e-03 5.784410e-15 6.194548e-15 2.013670e+02
4.432870e-03 6.125518e-15 6.512370e-15 2.116985e+02
4.444444e-03 7.093440e-15 7.544978e-15 2.452656e+02
4.456019e-03 5.565953e-15 5.952098e-15 1.934857e+02
4.467593e-03 5.678951e-15 6.115647e-15 1.988022e+02
4.479167e-03 5.124913e-15 5.431709e-15 1.765693e+02
4.490741e-03 5.419661e-15 5.771411e-15 1.876120e+02
4.502315e-03 5.878358e-15 6.259453e-15 2.034769e+02
4.513889e-03 5.730077e-15 6.135996e-15 1.994637e+02
4.525463e-03 5.641009e-15 6.071576e-15 1.973695e+02
4.537037e-03 6.339052e-15 6.752469e-15 2.195034e+02
4.548611e-03 6.085468e-15 6.512786e-15 2.117120e+02
4.560185e-03 5.972910e-15 6.398777e-15 2.080059e+02
4.571759e-03 5.784696e-15 6.153441e-15 2.000307e+02
4.583333e-03 6.140304e-15 6.583284e-15 2.140037e+02
4.594907e-03 5.465090e-15 5.840175e-15 1.898474e+02
4.606481e-03 5.662762e-15 6.007940e-15 1.953009e+02
4.618056e-03 6.072877e-15 6.491005e-15 2.110040e+02
4.629630e-03 5.308395e-15 5.699389e-15 1.852708e+02
4.641204e-03 4.949448e-15 5.353183e-15 1.740166e+02
4.652778e-03 5.953032e-15 6.402046e-15 2.081122e+02
4.664352e-03 5.438703e-15 5.807906e-15 1.887984e+02
4.675926e-03 5.505405e-15 5.885088e-15 1.913074e+02
4.687500e-03 5.373649e-15 5.761221e-15 1.872808e+02
4.699074e-03 5.615633e-15 5.996973e-15 1.949444e+02
4.710648e-03 5.503064e-15 5.922506e-15 1.925237e+02
4.722222e-03 5.324544e-15 5.707873e-15 1.855466e+02
4.733796e-03 5.495933e-15 5.841352e-15 1.898856e+02
4.745370e-03 5.557402e-15 5.891826e-15 1.915264e+02
4.756944e-03 5.620439e-15 5.999481e-15 1.950259e+02
4.768519e-03 5.498233e-15 5.897398e-15 1.917075e+02
4.780093e-03 5.552625e-15 5.889099e-15 1.914378e+02
4.791667e-03 5.211127e-15 5.667025e-15 1.842188e+02
4.803241e-03 5.754804e-15 6.122266e-15 1.990173e+02
4.814815e-03 5.595083e-15 5.951442e-15 1.934643e+02
4.826389e-03 5.817000e-15 6.173022e-15 2.006673e+02
4.837963e-03 6.276849e-15 6.781314e-15 2.204411e+02
4.849537e-03 6.166009e-15 6.569982e-15 2.135713e+02
4.861111e-03 6.374265e-15 6.841633e-15 2.224019e+02
4.872685e-03 5.813148e-15 6.237083e-15 2.027497e+02
4.884259e-03 5.993593e-15 6.439357e-15 2.093251e+02
4.895833e-03 6.766589e-15 7.255611e-15 2.358592e+02
4.907407e-03 5.860411e-15 6.265266e-15 2.036659e+02
4.918981e-03 5.921498e-15 6.322604e-15 2.055297e+02
4.930556e-03 6.510808e-15 6.921992e-15 2.250142e+02
4.942130e-03 6.082427e-15 6.440360e-15 2.093577e+02
4.953704e-03 6.159577e-15 6.587479e-15 2.141401e+02
4.965278e-03 6.273276e-15 6.697273e-15 2.177092e+02
4.976852e-03 5.782970e-15 6.200119e-15 2.015481e+02
4.988426e-03 6.607101e-15 7.062772e-15 2.295905e+02
5.000000e-03 6.363281e-15 6.793281e-15 2.208301e+02
5.011574e-03 5.833851e-15 6.238145e-15 2.027842e+02
5.023148e-03 6.235253e-15 6.652935e-15 2.162679e+02
5.034722e-03 5.959858e-15 6.337896e-15 2.060269e+02
5.046296e-03 5.937016e-15 6.362867e-15 2.068386e+02
5.057870e-03 7.104817e-15 7.584932e-15 2.465644e+02
5.069444e-03 6.539357e-15 7.014148e-15 2.280099e+02
5.081019e-03 7.121232e-15 7.639184e-15 2.483280e+02
5.092593e-03 1.014105e-14 1.115269e-14 3.625419e+02
5.104167e-03 1.585362e-14 1.697257e-14 5.517295e+02
5.115741e-03 1.249050e-14 1.340096e-14 4.356269e+02
5.127315e-03 7.320915e-15 8.026985e-15 2.609343e+02
5.138889e-03 6.213360e-15 6.651076e-15 2.162074e+02
5.150463e-03 5.848734e-15 6.186637e-15 2.011099e+02
5.162037e-03 6.149952e-15 6.521803e-15 2.120051e+02
5.173611e-03 6.311004e-15 6.741571e-15 2.191492e+02
5.185185e-03 6.092638e-15 6.477384e-15 2.105612e+02
5.196759e-03 6.582262e-15 7.028320e-15 2.284706e+02
5.208333e-03 6.493281e-15 6.895248e-15 2.241448e+02
5.219907e-03 5.908629e-15 6.303011e-15 2.048928e+02
5.231481e-03 6.118471e-15 6.565834e-15 2.134365e+02
5.243056e-03 6.694093e-15 7.149179e-15 2.323993e+02
5.254630e-03 5.993559e-15 6.411700e-15 2.084260e+02
5.266204e-03 6.703221e-15 7.130760e-15 2.318006e+02
5.277778e-03 5.945643e-15 6.411049e-15 2.084049e+02
5.289352e-03 6.081586e-15 6.505870e-15 2.114872e+02
5.300926e-03 5.167268e-15 5.571688e-15 1.811196e+02
5.312500e-03 7.241305e-15 7.731960e-15 2.513439e+02
5.324074e-03 5.823939e-15 6.262545e-15 2.035774e+02
5.335648e-03 7.250766e-15 7.657472e-15 2.489225e+02
5.347222e-03 6.417394e-15 6.842053e-15 2.224156e+02
5.358796e-03 6.302763e-15 6.748627e-15 2.193786e+02
5.370370e-03 6.155928e-15 6.600039e-15 2.145484e+02
5.381944e-03 6.413514e-15 6.820617e-15 2.217187e+02
5.393519e-03 6.299309e-15 6.719269e-15 2.184242e+02
5.405093e-03 6.755595e-15 7.164026e-15 2.328820e+02
5.416667e-03 6.842118e-15 7.267581e-15 2.362483e+02
5.428241e-03 6.457854e-15 6.929689e-15 2.252644e+02
5.439815e-03 6.809921e-15 7.268439e-15 2.362762e+02
5.451389e-03 6.335126e-15 6.751347e-15 2.194669e+02
5.462963e-03 5.949680e-15 6.370882e-15 2.070991e+02
5.474537e-03 6.074163e-15 6.511447e-15 2.116685e+02
5.486111e-03 6.548758e-15 7.034641e-15 2.286760e+02
5.497685e-03 6.226050e-15 6.671400e-15 2.168681e+02
5.509259e-03 6.702104e-15 7.140699e-15 2.321237e+02
5.520833e-03 5.979787e-15 6.384932e-15 2.075559e+02
5.532407e-03 5.665017e-15 6.035393e-15 1.961934e+02
5.543981e-03 6.921781e-15 7.345099e-15 2.387681e+02
5.555556e-03 7.673149e-15 8.167142e-15 2.654904e+02
5.567130e-03 5.937136e-15 6.318571e-15 2.053986e+02
5.578704e-03 6.162091e-15 6.614164e-15 2.150075e+02
5.590278e-03 6.274733e-15 6.665572e-15 2.166787e+02
5.601852e-03 6.002135e-15 6.386783e-15 2.076160e+02
5.613426e-03 6.011799e-15 6.424919e-15 2.088557e+02
5.625000e-03 6.467261e-15 6.934162e-15 2.254098e+02
5.636574e-03 6.761916e-15 7.212294e-15 2.344510e+02
5.648148e-03 7.518354e-15 8.058042e-15 2.619439e+02
5.659722e-03 6.280937e-15 6.700990e-15 2.178300e+02
5.671296e-03 6.213272e-15 6.641740e-15 2.159040e+02
5.682870e-03 5.751875e-15 6.147547e-15 1.998391e+02
5.694444e-03 6.223918e-15 6.676199e-15 2.170241e+02
5.706019e-03 5.341599e-15 5.735811e-15 1.864548e+02
5.717593e-03 6.866408e-15 7.356690e-15 2.391449e+02
5.729167e-03 6.565857e-15 6.967297e-15 2.264869e+02
5.740741e-03 6.656641e-15 7.135085e-15 2.319412e+02
5.752315e-03 6.529427e-15 6.961213e-15 2.262891e+02
5.763889e-03 6.797448e-15 7.289654e-15 2.369658e+02
5.775463e-03 6.716162e-15 7.177537e-15 2.333212e+02
5.787037e-03 5.834457e-15 6.204440e-15 2.016886e+02
5.798611e-03 6.321414e-15 6.780344e-15 2.204096e+02
5.810185e-03 6.214051e-15 6.610434e-15 2.148863e+02
5.821759e-03 6.680890e-15 7.118203e-15 2.313924e+02
5.833333e-03 6.289067e-15 6.684157e-15 2.172828e+02
5.844907e-03 6.120173e-15 6.565718e-15 2.134327e+02
5.856481e-03 6.680711e-15 7.157442e-15 2.326679e+02
5.868056e-03 5.740770e-15 6.166079e-15 2.004416e+02
5.879630e-03 6.435095e-15 6.815082e-15 2.215388e+02
5.891204e-03 6.764097e-15 7.174073e-15 2.332086e+02
5.902778e-03 6.458329e-15 6.958324e-15 2.261952e+02
5.914352e-03 5.794536e-15 6.237346e-15 2.027583e+02
5.925926e-03 6.670630e-15 7.102009e-15 2.308660e+02
5.937500e-03 6.049070e-15 6.497361e-15 2.112106e+02
5.949074e-03 6.420544e-15 6.864119e-15 2.231329e+02
5.960648e-03 6.465715e-15 6.949049e-15 2.258937e+02
5.972222e-03 6.467318e-15 6.930336e-15 2.252854e+02
5.983796e-03 6.568419e-15 7.041164e-15 2.288881e+02
5.995370e-03 7.380251e-15 7.931581e-15 2.578330e+02
6.006944e-03 6.214943e-15 6.630839e-15 2.155496e+02
6.018519e-03 7.150288e-15 7.640443e-15 2.483689e+02
6.030093e-03 6.399954e-15 6.802249e-15 2.211216e+02
6.041667e-03 6.127706e-15 6.516327e-15 2.118271e+02
6.053241e-03 6.551515e-15 7.024116e-15 2.283339e+02
6.064815e-03 6.382636e-15 6.783482e-15 2.205116e+02
6.076389e-03 6.654161e-15 7.084592e-15 2.302998e+02
6.087963e-03 6.464306e-15 6.903567e-15 2.244152e+02
6.099537e-03 6.666521e-15 7.081821e-15 2.302097e+02
6.111111e-03 6.294384e-15 6.779106e-15 2.203693e+02
6.122685e-03 6.375372e-15 6.763164e-15 2.198511e+02
6.134259e-03 6.131603e-15 6.621944e-15 2.152604e+02
6.145833e-03 6.343247e-15 6.771408e-15 2.201191e+02
6.157407e-03 7.110927e-15 7.622917e-15 2.477992e+02
6.168981e-03 7.267890e-15 7.754007e-15 2.520606e+02
6.180556e-03 6.409564e-15 6.865265e-15 2.231701e+02
6.192130e-03 6.789323e-15 7.243324e-15 2.354597e+02
6.203704e-03 7.006544e-15 7.521235e-15 2.444938e+02
6.215278e-03 7.287920e-15 7.802849e-15 2.536483e+02
6.226852e-03 6.635200e-15 7.114414e-15 2.312692e+02
6.238426e-03 6.357691e-15 6.812592e-15 2.214579e+02
6.250000e-03 6.791095e-15 7.296590e-15 2.371913e+02
6.261574e-03 6.542146e-15 7.005484e-15 2.277282e+02
6.273148e-03 7.010358e-15 7.450953e-15 2.422091e+02
6.284722e-03 6.284613e-15 6.699176e-15 2.177710e+02
6.296296e-03 6.377607e-15 6.797672e-15 2.209728e+02
6.307870e-03 6.817020e-15 7.275565e-15 2.365078e+02
6.319444e-03 6.279257e-15 6.730938e-15 2.188035e+02
6.331019e-03 6.195644e-15 6.681564e-15 2.171985e+02
6.342593e-03 6.492275e-15 6.948273e-15 2.258684e+02
6.354167e-03 6.726440e-15 7.205134e-15 2.342183e+02
6.365741e-03 7.083374e-15 7.524905e-15 2.446131e+02
6.377315e-03 6.253194e-15 6.719678e-15 2.184375e+02
6.388889e-03 6.401480e-15 6.847505e-15 2.225928e+02
6.400463e-03 6.942692e-15 7.400724e-15 2.405763e+02
6.412037e-03 6.803733e-15 7.298375e-15 2.372493e+02
6.423611e-03 6.289768e-15 6.721914e-15 2.185102e+02
6.435185e-03 6.352139e-15 6.783506e-15 2.205124e+02
6.446759e-03 6.997916e-15 7.461511e-15 2.425523e+02
6.458333e-03 7.089699e-15 7.594765e-15 2.468841e+02
6.469907e-03 6.837167e-15 7.356231e-15 2.391300e+02
6.481481e-03 6.908906e-15 7.352979e-15 2.390243e+02
6.493056e-03 7.607134e-15 8.042117e-15 2.614262e+02
6.504630e-03 6.874449e-15 7.375642e-15 2.397610e+02
6.516204e-03 6.630630e-15 7.125188e-15 2.316195e+02
6.527778e-03 6.759900e-15 7.271050e-15 2.363610e+02
6.539352e-03 6.301598e-15 6.679277e-15 2.171242e+02
6.550926e-03 6.507729e-15 6.941503e-15 2.256484e+02
6.562500e-03 6.215862e-15 6.652237e-15 2.162452e+02
6.574074e-03 6.885438e-15 7.319300e-15 2.379295e+02
6.585648e-03 7.246331e-15 7.748217e-15 2.518724e+02
6.597222e-03 6.714035e-15 7.129982e-15 2.317753e+02
6.608796e-03 6.767843e-15 7.256199e-15 2.358783e+02
6.620370e-03 7.320410e-15 7.810784e-15 2.539062e+02
6.631944e-03 6.905022e-15 7.340107e-15 2.386059e+02
6.643519e-03 7.145861e-15 7.627756e-15 2.479565e+02
6.655093e-03 6.508688e-15 6.940797e-15 2.256254e+02
6.666667e-03 7.448287e-15 7.930706e-15 2.578045e+02
6.678241e-03 6.847245e-15 7.290275e-15 2.369860e+02
6.689815e-03 7.262180e-15 7.740420e-15 2.516189e+02
6.701389e-03 7.378443e-15 7.893297e-15 2.565885e+02
6.712963e-03 7.538389e-15 8.048851e-15 2.616451e+02
6.724537e-03 6.927503e-15 7.461849e-15 2.425634e+02
6.736111e-03 7.343322e-15 7.858600e-15 2.554606e+02
6.747685e-03 6.255069e-15 6.713866e-15 2.182486e+02
6.759259e-03 7.974871e-15 8.531453e-15 2.773331e+02
6.770833e-03 6.732562e-15 7.238535e-15 2.353041e+02
6.782407e-03 7.283168e-15 7.846888e-15 2.550799e+02
6.793981e-03 6.884900e-15 7.377318e-15 2.398155e+02
6.805556e-03 6.527689e-15 6.957191e-15 2.261584e+02
6.817130e-03 6.633278e-15 7.092374e-15 2.305528e+02
6.828704e-03 6.560066e-15 7.060738e-15 2.295244e+02
6.840278e-03 7.072971e-15 7.513879e-15 2.442547e+02
6.851852e-03 6.741244e-15 7.230203e-15 2.350332e+02
6.863426e-03 7.021635e-15 7.497885e-15 2.437348e+02
6.875000e-03 6.736672e-15 7.188097e-15 2.336645e+02
6.886574e-03 7.254952e-15 7.743758e-15 2.517274e+02
6.898148e-03 6.543166e-15 7.030183e-15 2.285311e+02
6.909722e-03 6.837646e-15 7.311824e-15 2.376865e+02
6.921296e-03 7.076990e-15 7.591587e-15 2.467807e+02
6.932870e-03 7.253428e-15 7.724087e-15 2.510880e+02
6.944444e-03 6.866162e-15 7.368223e-15 2.395198e+02
6.956019e-03 7.516929e-15 7.969928e-15 2.590795e+02
6.967593e-03 6.926405e-15 7.424157e-15 2.413381e+02
6.979167e-03 6.565819e-15 7.015302e-15 2.280474e+02
6.990741e-03 7.181721e-15 7.632376e-15 2.481067e+02
7.002315e-03 7.396161e-15 7.957314e-15 2.586695e+02
7.013889e-03 6.673506e-15 7.094018e-15 2.306062e+02
7.025463e-03 6.685466e-15 7.151357e-15 2.324701e+02
7.037037e-03 7.501696e-15 8.026606e-15 2.609220e+02
7.048611e-03 6.853500e-15 7.304717e-15 2.374554e+02
7.060185e-03 7.171452e-15 7.714439e-15 2.507743e+02
7.071759e-03 7.391233e-15 7.895011e-15 2.566442e+02
7.083333e-03 6.653854e-15 7.103839e-15 2.309255e+02
7.094907e-03 6.975246e-15 7.550231e-15 2.454364e+02
7.106481e-03 6.688961e-15 7.178067e-15 2.333384e+02
7.118056e-03 7.620493e-15 8.144934e-15 2.647685e+02
7.129630e-03 6.743316e-15 7.211919e-15 2.344388e+02
7.141204e-03 6.794398e-15 7.213505e-15 2.344904e+02
7.152778e-03 6.776985e-15 7.262740e-15 2.360909e+02
7.164352e-03 8.235373e-15 8.844084e-15 2.874958e+02
7.175926e-03 6.898849e-15 7.418799e-15 2.411639e+02
7.187500e-03 7.903499e-15 8.437260e-15 2.742712e+02
7.199074e-03 7.180238e-15 7.719528e-15 2.509398e+02
7.210648e-03 7.412412e-15 7.921142e-15 2.574936e+02
7.222222e-03 6.969593e-15 7.455653e-15 2.423619e+02
7.233796e-03 7.898456e-15 8.360873e-15 2.717880e+02
7.245370e-03 6.505975e-15 6.956202e-15 2.261262e+02
7.256944e-03 7.133800e-15 7.727221e-15 2.511898e+02
7.268519e-03 7.212589e-15 7.703272e-15 2.504113e+02
7.280093e-03 7.257021e-15 7.713790e-15 2.507532e+02
7.291667e-03 7.259490e-15 7.802691e-15 2.536432e+02
7.303241e-03 8.263482e-15 8.779158e-15 2.853853e+02
7.314815e-03 7.391115e-15 7.877826e-15 2.560856e+02
7.326389e-03 7.100552e-15 7.584655e-15 2.465554e+02
7.337963e-03 7.268876e-15 7.764798e-15 2.524113e+02
7.349537e-03 7.573411e-15 8.131310e-15 2.643256e+02
7.361111e-03 6.757871e-15 7.232882e-15 2.351203e+02
7.372685e-03 7.110316e-15 7.645690e-15 2.485395e+02
7.384259e-03 7.132877e-15 7.627644e-15 2.479529e+02
7.395833e-03 7.482706e-15 7.952429e-15 2.585107e+02
7.407407e-03 6.945552e-15 7.395423e-15 2.404040e+02
7.418981e-03 6.913404e-15 7.387235e-15 2.401378e+02
7.430556e-03 7.327170e-15 7.802609e-15 2.536405e+02
7.442130e-03 6.859856e-15 7.360706e-15 2.392755e+02
7.453704e-03 7.343127e-15 7.829524e-15 2.545154e+02
7.465278e-03 7.273020e-15 7.762391e-15 2.523331e+02
7.476852e-03 7.268707e-15 7.756629e-15 2.521458e+02
7.488426e-03 7.719561e-15 8.250793e-15 2.682097e+02
7.500000e-03 7.495072e-15 8.017715e-15 2.606330e+02
7.511574e-03 6.953529e-15 7.446722e-15 2.420716e+02
7.523148e-03 6.839406e-15 7.346455e-15 2.388122e+02
7.534722e-03 6.781007e-15 7.268193e-15 2.362682e+02
7.546296e-03 6.813744e-15 7.308240e-15 2.375700e+02
7.557870e-03 7.248964e-15 7.751703e-15 2.519857e+02
7.569444e-03 7.704199e-15 8.336059e-15 2.709814e+02
7.581019e-03 7.359504e-15 7.845438e-15 2.550327e+02
7.592593e-03 7.472451e-15 8.060116e-15 2.620113e+02
7.604167e-03 6.645502e-15 7.165584e-15 2.329326e+02
7.615741e-03 7.440093e-15 7.902100e-15 2.568747e+02
7.627315e-03 7.028328e-15 7.462856e-15 2.425961e+02
7.638889e-03 7.483663e-15 8.025051e-15 2.608714e+02
7.650463e-03 7.217897e-15 7.674936e-15 2.494902e+02
7.662037e-03 7.562057e-15 8.082346e-15 2.627339e+02
7.673611e-03 6.689451e-15 7.175520e-15 2.332556e+02
7.685185e-03 7.636244e-15 8.154766e-15 2.650881e+02
7.696759e-03 6.327590e-15 6.750758e-15 2.194478e+02
7.708333e-03 7.701833e-15 8.229368e-15 2.675132e+02
7.719907e-03 7.674504e-15 8.161704e-15 2.653136e+02
7.731481e-03 7.294639e-15 7.746066e-15 2.518024e+02
7.743056e-03 7.626572e-15 8.161859e-15 2.653187e+02
7.754630e-03 7.390104e-15 7.933059e-15 2.578810e+02
7.766204e-03 6.856964e-15 7.315581e-15 2.378086e+02
7.777778e-03 8.769268e-15 9.374221e-15 3.047291e+02
7.789352e-03 7.340163e-15 7.787328e-15 2.531437e+02
7.800926e-03 6.746121e-15 7.200716e-15 2.340746e+02
7.812500e-03 7.210448e-15 7.820771e-15 2.542309e+02
7.824074e-03 8.238368e-15 8.788830e-15 2.856997e+02
7.835648e-03 6.671362e-15 7.117144e-15 2.313580e+02
7.847222e-03 7.307320e-15 7.805679e-15 2.537403e+02
7.858796e-03 7.480980e-15 7.969441e-15 2.590637e+02
7.870370e-03 6.991259e-15 7.491776e-15 2.435362e+02
7.881944e-03 7.522465e-15 8.014454e-15 2.605269e+02
7.893519e-03 7.636403e-15 8.184622e-15 2.660586e+02
7.905093e-03 7.594400e-15 8.173428e-15 2.656947e+02
7.916667e-03 8.239869e-15 8.748437e-15 2.843866e+02
7.928241e-03 7.837131e-15 8.303923e-15 2.699368e+02
7.939815e-03 7.449205e-15 7.932672e-15 2.578684e+02
7.951389e-03 7.395777e-15 7.873453e-15 2.559434e+02
7.962963e-03 7.372808e-15 7.871523e-15 2.558807e+02
7.974537e-03 7.327108e-15 7.819038e-15 2.541745e+02
7.986111e-03 7.332566e-15 7.898128e-15 2.567455e+02
7.997685e-03 6.974236e-15 7.478813e-15 2.431148e+02
8.009259e-03 7.821737e-15 8.372542e-15 2.721674e+02
8.020833e-03 7.115668e-15 7.591495e-15 2.467778e+02
8.032407e-03 6.976237e-15 7.454630e-15 2.423287e+02
8.043981e-03 7.359311e-15 7.857814e-15 2.554350e+02
8.055556e-03 6.960168e-15 7.431803e-15 2.415866e+02
8.067130e-03 7.716108e-15 8.232506e-15 2.676152e+02
8.078704e-03 7.353140e-15 7.869386e-15 2.558112e+02
8.090278e-03 7.681731e-15 8.151963e-15 2.649970e+02
8.101852e-03 7.861284e-15 8.378207e-15 2.723515e+02
8.113426e-03 7.404718e-15 7.899135e-15 2.567783e+02
8.125000e-03 7.810063e-15 8.345925e-15 2.713021e+02
8.136574e-03 7.605589e-15 8.157325e-15 2.651713e+02
8.148148e-03 7.290338e-15 7.805470e-15 2.537335e+02
8.159722e-03 7.831383e-15 8.420177e-15 2.737158e+02
8.171296e-03 7.027135e-15 7.533775e-15 2.449015e+02
8.182870e-03 7.589264e-15 8.146022e-15 2.648038e+02
8.194444e-03 7.467985e-15 7.984679e-15 2.595591e+02
8.206019e-03 7.418148e-15 7.926809e-15 2.576779e+02
8.217593e-03 7.701966e-15 8.293064e-15 2.695838e+02
8.229167e-03 7.122320e-15 7.599080e-15 2.470243e+02
8.240741e-03 7.499533e-15 7.957849e-15 2.586869e+02
8.252315e-03 7.509703e-15 8.075389e-15 2.625078e+02
8.263889e-03 7.271727e-15 7.760853e-15 2.522831e+02
8.275463e-03 7.785936e-15 8.310670e-15 2.701561e+02
8.287037e-03 7.519138e-15 8.079747e-15 2.626494e+02
8.298611e-03 7.112122e-15 7.601521e-15 2.471037e+02
8.310185e-03 7.307027e-15 7.780562e-15 2.529238e+02
8.321759e-03 7.707774e-15 8.248525e-15 2.681359e+02
8.333333e-03 7.733788e-15 8.311532e-15 2.701841e+02
8.344907e-03 8.458276e-15 9.032290e-15 2.936139e+02
8.356481e-03 7.534480e-15 8.065930e-15 2.622003e+02
8.368056e-03 8.010295e-15 8.598342e-15 2.795075e+02
8.379630e-03 7.256857e-15 7.770685e-15 2.526027e+02
8.391204e-03 8.273144e-15 8.823127e-15 2.868146e+02
8.402778e-03 7.641216e-15 8.145559e-15 2.647888e+02
8.414352e-03 7.768445e-15 8.344254e-15 2.712478e+02
8.425926e-03 7.545899e-15 8.067441e-15 2.622494e+02
8.437500e-03 8.260637e-15 8.847287e-15 2.876000e+02
8.449074e-03 7.587097e-15 8.123214e-15 2.640624e+02
8.460648e-03 7.354235e-15 7.868240e-15 2.557739e+02
8.472222e-03 7.283920e-15 7.756938e-15 2.521558e+02
8.483796e-03 7.254314e-15 7.782524e-15 2.529876e+02
8.495370e-03 7.670045e-15 8.188546e-15 2.661862e+02
8.506944e-03 8.037425e-15 8.620446e-15 2.802260e+02
8.518519e-03 7.105263e-15 7.613831e-15 2.475039e+02
8.530093e-03 6.958009e-15 7.510972e-15 2.441602e+02
8.541667e-03 8.187465e-15 8.774318e-15 2.852279e+02
8.553241e-03 6.595914e-15 7.131856e-15 2.318362e+02
8.564815e-03 7.602139e-15 8.142467e-15 2.646883e+02
8.576389e-03 7.140265e-15 7.590034e-15 2.467303e+02
8.587963e-03 7.606002e-15 8.158084e-15 2.651960e+02
8.599537e-03 7.692852e-15 8.181325e-15 2.659514e+02
8.611111e-03 7.684790e-15 8.285352e-15 2.693331e+02
8.622685e-03 7.912618e-15 8.503786e-15 2.764337e+02
8.634259e-03 7.823829e-15 8.388688e-15 2.726922e+02
8.645833e-03 8.060793e-15 8.551263e-15 2.779771e+02
8.657407e-03 7.196387e-15 7.686246e-15 2.498579e+02
8.668981e-03 8.089179e-15 8.612092e-15 2.799545e+02
8.680556e-03 8.250982e-15 8.901607e-15 2.893657e+02
8.692130e-03 7.854259e-15 8.478273e-15 2.756044e+02
8.703704e-03 8.014559e-15 8.594743e-15 2.793905e+02
8.715278e-03 7.938388e-15 8.485083e-15 2.758258e+02
8.726852e-03 8.788130e-15 9.341847e-15 3.036767e+02
8.738426e-03 8.410940e-15 8.988170e-15 2.921797e+02
8.750000e-03 8.271683e-15 8.865462e-15 2.881908e+02
8.761574e-03 8.817861e-15 9.426617e-15 3.064323e+02
8.773148e-03 8.514150e-15 9.150358e-15 2.974519e+02
8.784722e-03 7.656028e-15 8.128086e-15 2.642208e+02
8.796296e-03 8.429801e-15 8.984696e-15 2.920668e+02
8.807870e-03 8.947952e-15 9.595352e-15 3.119174e+02
8.819444e-03 7.716284e-15 8.254958e-15 2.683451e+02
8.831019e-03 8.304804e-15 8.907211e-15 2.895479e+02
8.842593e-03 8.401471e-15 8.928986e-15 2.902558e+02
8.854167e-03 8.357739e-15 9.098596e-15 2.957693e+02
8.865741e-03 8.348989e-15 8.922587e-15 2.900478e+02
8.877315e-03 8.794392e-15 9.384579e-15 3.050658e+02
8.888889e-03 9.813373e-15 1.049914e-14 3.412970e+02
8.900463e-03 8.833490e-15 9.438053e-15 3.068041e+02
8.912037e-03 8.484192e-15 9.085370e-15 2.953394e+02
8.923611e-03 8.223961e-15 8.772783e-15 2.851781e+02
8.935185e-03 9.342776e-15 1.005190e-14 3.267583e+02
8.946759e-03 8.327135e-15 8.904942e-15 2.894742e+02
8.958333e-03 8.870725e-15 9.612715e-15 3.124818e+02
8.969907e-03 8.303522e-15 8.851387e-15 2.877332e+02
8.981481e-03 9.044063e-15 9.704119e-15 3.154531e+02
8.993056e-03 8.330561e-15 8.919360e-15 2.899429e+02
9.004630e-03 8.399004e-15 9.023637e-15 2.933326e+02
9.016204e-03 8.718869e-15 9.440484e-15 3.068831e+02
9.027778e-03 9.079468e-15 9.728003e-15 3.162295e+02
9.039352e-03 8.941639e-15 9.552625e-15 3.105285e+02
9.050926e-03 8.048394e-15 8.621295e-15 2.802536e+02
9.062500e-03 9.333185e-15 9.998575e-15 3.250251e+02
9.074074e-03 8.491059e-15 9.058843e-15 2.944770e+02
9.085648e-03 9.205628e-15 9.856615e-15 3.204103e+02
9.097222e-03 8.327537e-15 8.949538e-15 2.909239e+02
9.108796e-03 8.060897e-15 8.682830e-15 2.822540e+02
9.120370e-03 9.220549e-15 9.895905e-15 3.216875e+02
9.131944e-03 8.668659e-15 9.373171e-15 3.046950e+02
9.143519e-03 8.629215e-15 9.238758e-15 3.003256e+02
9.155093e-03 8.368620e-15 8.905962e-15 2.895073e+02
9.166667e-03 7.606969e-15 8.244881e-15 2.680175e+02
9.178241e-03 8.594134e-15 9.219304e-15 2.996932e+02
9.189815e-03 8.613678e-15 9.183731e-15 2.985368e+02
9.201389e-03 8.392947e-15 9.000895e-15 2.925933e+02
9.212963e-03 8.075735e-15 8.552269e-15 2.780098e+02
9.224537e-03 7.698501e-15 8.220999e-15 2.672412e+02
9.236111e-03 7.764869e-15 8.248505e-15 2.681353e+02
9.247685e-03 8.388466e-15 8.935074e-15 2.904537e+02
9.259259e-03 7.874272e-15 8.330491e-15 2.708004e+02
9.270833e-03 8.190931e-15 8.768811e-15 2.850489e+02
9.282407e-03 8.105555e-15 8.669799e-15 2.818303e+02
9.293981e-03 8.053645e-15 8.590355e-15 2.792479e+02
9.305556e-03 7.411861e-15 7.977689e-15 2.593318e+02
9.317130e-03 8.436455e-15 9.097748e-15 2.957417e+02
9.328704e-03 7.653337e-15 8.200718e-15 2.665819e+02
9.340278e-03 8.676512e-15 9.331064e-15 3.033262e+02
9.351852e-03 8.171195e-15 8.743571e-15 2.842284e+02
9.363426e-03 7.763914e-15 8.261197e-15 2.685479e+02
9.375000e-03 8.281559e-15 8.886249e-15 2.888665e+02
9.386574e-03 8.276881e-15 8.882098e-15 2.887316e+02
9.398148e-03 8.347928e-15 8.933139e-15 2.903908e+02
9.409722e-03 7.715370e-15 8.330810e-15 2.708108e+02
9.421296e-03 9.146252e-15 9.787268e-15 3.181561e+02
9.432870e-03 8.222269e-15 8.752930e-15 2.845327e+02
9.444444e-03 8.234834e-15 8.821133e-15 2.867498e+02
9.456019e-03 8.473856e-15 9.004786e-15 2.927198e+02
9.467593e-03 8.784303e-15 9.433844e-15 3.066673e+02
9.479167e-03 8.320834e-15 8.909595e-15 2.896254e+02
9.490741e-03 8.453062e-15 9.118138e-15 2.964046e+02
9.502315e-03 8.048893e-15 8.572355e-15 2.786627e+02
9.513889e-03 8.677638e-15 9.227714e-15 2.999666e+02
9.525463e-03 8.042466e-15 8.563935e-15 2.783890e+02
9.537037e-03 8.064860e-15 8.626464e-15 2.804216e+02
9.548611e-03 7.905922e-15 8.429034e-15 2.740038e+02
9.560185e-03 7.762411e-15 8.353120e-15 2.715360e+02
9.571759e-03 8.367201e-15 8.936162e-15 2.904890e+02
9.583333e-03 7.997607e-15 8.561702e-15 2.783164e+02
9.594907e-03 8.003552e-15 8.586231e-15 2.791138e+02
9.606481e-03 8.218749e-15 8.770936e-15 2.851180e+02
9.618056e-03 8.498568e-15 9.170296e-15 2.981001e+02
9.629630e-03 8.626737e-15 9.277108e-15 3.015722e+02
9.641204e-03 8.374317e-15 8.945908e-15 2.908058e+02
9.652778e-03 7.885695e-15 8.470238e-15 2.753432e+02
9.664352e-03 7.692803e-15 8.236061e-15 2.677308e+02
9.675926e-03 8.070427e-15 8.648383e-15 2.811342e+02
9.687500e-03 8.397989e-15 8.976620e-15 2.918042e+02
9.699074e-03 7.672483e-15 8.271577e-15 2.688853e+02
9.710648e-03 8.411837e-15 8.939749e-15 2.906057e+02
9.722222e-03 8.597060e-15 9.190525e-15 2.987577e+02
9.733796e-03 8.356661e-15 8.897633e-15 2.892366e+02
9.745370e-03 7.869685e-15 8.405364e-15 2.732343e+02
9.756944e-03 7.714840e-15 8.199825e-15 2.665528e+02
9.768519e-03 8.186385e-15 8.790005e-15 2.857379e+02
9.780093e-03 8.759524e-15 9.350893e-15 3.039708e+02
9.791667e-03 8.479459e-15 9.167898e-15 2.980221e+02
9.803241e-03 8.577687e-15 9.134766e-15 2.969451e+02
9.814815e-03 7.989583e-15 8.591910e-15 2.792984e+02
9.826389e-03 7.408510e-15 8.044621e-15 2.615076e+02
9.837963e-03 7.843226e-15 8.414427e-15 2.735289e+02
9.849537e-03 7.967394e-15 8.519507e-15 2.769448e+02
9.861111e-03 8.580751e-15 9.227648e-15 2.999644e+02
9.872685e-03 8.689932e-15 9.290034e-15 3.019924e+02
9.884259e-03 8.546177e-15 9.096856e-15 2.957127e+02
9.895833e-03 8.691530e-15 9.359629e-15 3.042547e+02
9.907407e-03 8.149046e-15 8.732968e-15 2.838838e+02
9.918981e-03 8.198837e-15 8.743025e-15 2.842107e+02
9.930556e-03 8.154270e-15 8.652632e-15 2.812723e+02
9.942130e-03 7.983214e-15 8.579780e-15 2.789041e+02
9.953704e-03 7.689231e-15 8.200551e-15 2.665764e+02
9.965278e-03 8.172984e-15 8.753480e-15 2.845506e+02
9.976852e-03 8.328259e-15 8.954904e-15 2.910983e+02
9.988426e-03 8.372276e-15 8.953659e-15 2.910578e+02
1.000000e-02 9.291937e-15 9.978370e-15 3.243682e+02
1.001157e-02 7.977558e-15 8.579390e-15 2.788914e+02
1.002315e-02 8.112587e-15 8.734418e-15 2.839309e+02
1.003472e-02 8.048587e-15 8.609196e-15 2.798603e+02
1.004630e-02 7.841528e-15 8.387919e-15 2.726672e+02
1.005787e-02 7.672180e-15 8.208172e-15 2.668242e+02
1.006944e-02 8.403751e-15 8.947698e-15 2.908640e+02
1.008102e-02 8.496202e-15 9.118822e-15 2.964268e+02
1.009259e-02 8.059044e-15 8.672135e-15 2.819063e+02
1.010417e-02 7.743198e-15 8.337307e-15 2.710220e+02
1.011574e-02 8.796565e-15 9.457261e-15 3.074285e+02
1.012731e-02 8.848327e-15 9.423537e-15 3.063322e+02
1.013889e-02 8.592070e-15 9.194150e-15 2.988755e+02
1.015046e-02 8.392508e-15 8.957599e-15 2.911859e+02
1.016204e-02 8.339544e-15 8.941983e-15 2.906783e+02
1.017361e-02 8.363101e-15 8.894121e-15 2.891224e+02
1.018519e-02 8.422929e-15 9.014533e-15 2.930366e+02
1.019676e-02 8.191797e-15 8.801921e-15 2.861253e+02
1.020833e-02 8.153916e-15 8.700988e-15 2.828442e+02
1.021991e-02 8.635296e-15 9.261878e-15 3.010771e+02
1.023148e-02 8.689759e-15 9.266834e-15 3.012382e+02
1.024306e-02 7.955909e-15 8.464243e-15 2.751483e+02
1.025463e-02 8.214328e-15 8.770806e-15 2.851138e+02
1.026620e-02 7.996636e-15 8.525762e-15 2.771481e+02
1.027778e-02 7.731965e-15 8.373260e-15 2.721907e+02
1.028935e-02 8.759253e-15 9.351122e-15 3.039782e+02
1.030093e-02 8.088931e-15 8.649206e-15 2.811609e+02
1.031250e-02 8.390250e-15 8.989016e-15 2.922072e+02
1.032407e-02 8.187963e-15 8.816347e-15 2.865942e+02
1.033565e-02 8.169788e-15 8.699996e-15 2.828120e+02
1.034722e-02 8.535017e-15 9.173856e-15 2.982158e+02
1.035880e-02 8.328408e-15 8.874564e-15 2.884867e+02
1.037037e-02 7.683752e-15 8.210997e-15 2.669160e+02
1.038194e-02 8.467247e-15 9.088775e-15 2.954501e+02
1.039352e-02 8.753066e-15 9.291363e-15 3.020356e+02
1.040509e-02 8.827997e-15 9.408656e-15 3.058485e+02
1.041667e-02 7.622185e-15 8.112718e-15 2.637212e+02
1.042824e-02 8.099617e-15 8.659207e-15 2.814860e+02
1.043981e-02 8.596972e-15 9.178610e-15 2.983703e+02
1.045139e-02 7.816058e-15 8.294398e-15 2.696271e+02
1.046296e-02 8.662252e-15 9.201142e-15 2.991028e+02
1.047454e-02 8.528198e-15 9.127260e-15 2.967011e+02
1.048611e-02 8.380490e-15 8.951405e-15 2.909845e+02
1.049769e-02 8.355898e-15 9.018172e-15 2.931549e+02
1.050926e-02 8.657402e-15 9.227845e-15 2.999708e+02
1.052083e-02 8.490220e-15 9.101429e-15 2.958614e+02
1.053241e-02 8.258042e-15 8.749134e-15 2.844093e+02
1.054398e-02 7.856921e-15 8.423478e-15 2.738231e+02
1.055556e-02 8.452214e-15 9.066163e-15 2.947150e+02
1.056713e-02 8.586592e-15 9.203404e-15 2.991763e+02
1.057870e-02 8.145391e-15 8.803311e-15 2.861704e+02
1.059028e-02 8.702606e-15 9.317602e-15 3.028886e+02
1.060185e-02 8.147441e-15 8.703615e-15 2.829296e+02
1.061343e-02 8.856265e-15 9.420363e-15 3.062290e+02
1.062500e-02 8.076368e-15 8.607505e-15 2.798053e+02
1.063657e-02 8.517387e-15 9.103545e-15 2.959302e+02
1.064815e-02 8.287600e-15 8.814641e-15 2.865387e+02
1.065972e-02 7.721951e-15 8.249339e-15 2.681624e+02
1.067130e-02 8.566959e-15 9.188265e-15 2.986842e+02
1.068287e-02 8.262874e-15 8.849633e-15 2.876762e+02
1.069444e-02 7.858299e-15 8.474304e-15 2.754754e+02
1.070602e-02 8.267826e-15 8.834375e-15 2.871802e+02
1.071759e-02 8.414941e-15 9.026833e-15 2.934365e+02
1.072917e-02 8.295397e-15 8.812820e-15 2.864795e+02
1.074074e-02 8.119301e-15 8.659353e-15 2.814908e+02
1.075231e-02 8.662434e-15 9.226437e-15 2.999251e+02
1.076389e-02 8.868295e-15 9.547124e-15 3.103497e+02
1.077546e-02 8.567768e-15 9.320286e-15 3.029758e+02
1.078704e-02 8.917311e-15 9.530273e-15 3.098019e+02
1.079861e-02 8.756080e-15 9.468406e-15 3.077908e+02
1.081019e-02 8.710763e-15 9.299217e-15 3.022909e+02
1.082176e-02 8.523536e-15 9.083747e-15 2.952866e+02
1.083333e-02 9.123494e-15 9.757598e-15 3.171916e+02
1.084491e-02 8.904594e-15 9.484604e-15 3.083173e+02
1.085648e-02 8.889328e-15 9.479454e-15 3.081499e+02
1.086806e-02 8.326557e-15 8.865544e-15 2.881934e+02
1.087963e-02 9.233294e-15 9.892515e-15 3.215773e+02
1.089120e-02 8.553131e-15 9.175386e-15 2.982655e+02
1.090278e-02 8.434303e-15 9.028660e-15 2.934959e+02
1.091435e-02 8.167257e-15 8.734479e-15 2.839329e+02
1.092593e-02 8.630484e-15 9.192997e-15 2.988380e+02
1.093750e-02 8.543945e-15 9.115161e-15 2.963078e+02
1.094907e-02 8.600296e-15 9.110174e-15 2.961457e+02
1.096065e-02 7.978608e-15 8.578742e-15 2.788703e+02
1.097222e-02 9.267896e-15 9.888235e-15 3.214382e+02
1.098380e-02 8.903419e-15 9.550259e-15 3.104516e+02
1.099537e-02 8.300022e-15 8.862334e-15 2.880891e+02
1.100694e-02 9.149222e-15 9.804698e-15 3.187227e+02
1.101852e-02 8.395183e-15 8.936855e-15 2.905116e+02
1.103009e-02 7.897156e-15 8.425310e-15 2.738827e+02
1.104167e-02 8.604568e-15 9.138727e-15 2.970739e+02
1.105324e-02 8.695287e-15 9.202215e-15 2.991377e+02
1.106481e-02 8.666247e-15 9.245961e-15 3.005597e+02
1.107639e-02 7.976226e-15 8.515573e-15 2.768169e+02
1.108796e-02 9.135203e-15 9.765431e-15 3.174462e+02
1.109954e-02 8.193371e-15 8.687766e-15 2.824144e+02
1.111111e-02 9.677681e-15 1.033018e-14 3.358047e+02
1.112269e-02 8.464881e-15 9.047307e-15 2.941020e+02
1.113426e-02 8.232357e-15 8.812844e-15 2.864803e+02
1.114583e-02 8.387834e-15 8.963187e-15 2.913676e+02
1.115741e-02 8.879002e-15 9.353716e-15 3.040625e+02
1.116898e-02 8.303850e-15 8.859094e-15 2.879838e+02
1.118056e-02 7.759558e-15 8.292461e-15 2.695642e+02
1.119213e-02 8.643064e-15 9.347470e-15 3.038595e+02
1.120370e-02 8.473654e-15 9.069002e-15 2.948073e+02
1.121528e-02 8.267587e-15 8.847068e-15 2.875929e+02
1.122685e-02 8.041037e-15 8.573475e-15 2.786991e+02
1.123843e-02 8.326900e-15 8.932664e-15 2.903753e+02
1.125000e-02 7.743193e-15 8.237800e-15 2.677873e+02
1.126157e-02 8.602803e-15 9.150663e-15 2.974619e+02
1.127315e-02 8.558460e-15 9.143918e-15 2.972426e+02
1.128472e-02 8.082143e-15 8.579937e-15 2.789092e+02
1.129630e-02 7.574460e-15 8.086075e-15 2.628551e+02
1.130787e-02 8.682399e-15 9.293328e-15 3.020995e+02
1.131944e-02 8.846144e-15 9.453852e-15 3.073177e+02
1.133102e-02 8.909474e-15 9.462110e-15 3.075861e+02
1.134259e-02 8.673949e-15 9.208426e-15 2.993396e+02
1.135417e-02 8.844144e-15 9.441945e-15 3.069306e+02
1.136574e-02 8.512498e-15 9.150938e-15 2.974708e+02
1.137731e-02 8.522945e-15 9.119177e-15 2.964383e+02
1.138889e-02 8.207686e-15 8.788773e-15 2.856978e+02
1.140046e-02 9.034637e-15 9.737035e-15 3.165231e+02
1.141204e-02 8.843779e-15 9.444857e-15 3.070253e+02
1.142361e-02 8.159034e-15 8.664799e-15 2.816678e+02
1.143519e-02 7.819747e-15 8.313698e-15 2.702545e+02
1.144676e-02 8.475199e-15 9.121399e-15 2.965106e+02
1.145833e-02 8.220311e-15 8.763500e-15 2.848763e+02
1.146991e-02 8.653438e-15 9.185085e-15 2.985808e+02
1.148148e-02 8.355717e-15 9.038647e-15 2.938205e+02
1.149306e-02 8.320515e-15 8.871507e-15 2.883873e+02
1.150463e-02 8.426922e-15 9.039131e-15 2.938363e+02
1.151620e-02 7.433191e-15 7.979432e-15 2.593885e+02
1.152778e-02 8.569592e-15 9.192837e-15 2.988328e+02
1.153935e-02 8.508528e-15 9.133273e-15 2.968966e+02
1.155093e-02 8.998018e-15 9.598477e-15 3.120190e+02
1.156250e-02 8.730958e-15 9.314709e-15 3.027945e+02
1.157407e-02 8.981376e-15 9.573609e-15 3.112106e+02
1.158565e-02 8.690508e-15 9.341297e-15 3.036588e+02
1.159722e-02 8.990843e-15 9.576169e-15 3.112938e+02
1.160880e-02 8.296110e-15 8.882174e-15 2.887341e+02
1.162037e-02 8.998319e-15 9.600488e-15 3.120844e+02
1.163194e-02 8.415296e-15 9.002163e-15 2.926346e+02
1.164352e-02 8.615797e-15 9.180566e-15 2.984339e+02
1.165509e-02 8.188602e-15 8.773740e-15 2.852092e+02
1.166667e-02 9.361234e-15 1.007086e-14 3.273749e+02
1.167824e-02 9.145645e-15 9.747736e-15 3.168710e+02
1.168981e-02 8.933714e-15 9.539348e-15 3.100969e+02
1.170139e-02 8.590189e-15 9.138561e-15 2.970685e+02
1.171296e-02 8.123084e-15 8.692811e-15 2.825784e+02
1.172454e-02 8.539864e-15 9.120325e-15 2.964757e+02
1.173611e-02 8.024391e-15 8.606245e-15 2.797644e+02
1.174769e-02 9.196894e-15 9.782170e-15 3.179903e+02
1.175926e-02 8.953645e-15 9.528398e-15 3.097409e+02
1.177083e-02 8.581917e-15 9.144858e-15 2.972732e+02
1.178241e-02 8.030590e-15 8.591049e-15 2.792704e+02
1.179398e-02 8.503624e-15 9.050409e-15 2.942029e+02
1.180556e-02 8.870196e-15 9.489670e-15 3.084820e+02
1.181713e-02 8.534200e-15 9.062216e-15 2.945867e+02
1.182870e-02 8.439482e-15 8.985230e-15 2.920841e+02
1.184028e-02 8.118097e-15 8.685875e-15 2.823529e+02
1.185185e-02 8.928819e-15 9.519306e-15 3.094454e+02
1.186343e-02 8.427429e-15 8.957621e-15 2.911866e+02
1.187500e-02 9.319611e-15 9.916124e-15 3.223448e+02
1.188657e-02 8.994146e-15 9.567695e-15 3.110184e+02
1.189815e-02 8.529095e-15 9.065555e-15 2.946952e+02
1.190972e-02 8.600190e-15 9.177140e-15 2.983225e+02
1.192130e-02 9.031677e-15 9.747113e-15 3.168507e+02
1.193287e-02 8.959330e-15 9.572292e-15 3.111678e+02
1.194444e-02 8.484049e-15 9.137288e-15 2.970271e+02
1.195602e-02 8.601900e-15 9.187123e-15 2.986471e+02
1.196759e-02 9.228904e-15 9.832956e-15 3.196412e+02
1.197917e-02 8.899038e-15 9.491871e-15 3.085535e+02
1.199074e-02 9.039795e-15 9.664420e-15 3.141626e+02
1.200231e-02 8.613934e-15 9.192274e-15 2.988145e+02
1.201389e-02 9.508394e-15 1.025156e-14 3.332489e+02
1.202546e-02 9.470809e-15 1.021720e-14 3.321319e+02
1.203704e-02 8.702933e-15 9.419506e-15 3.062012e+02
1.204861e-02 9.149757e-15 9.787453e-15 3.181621e+02
1.206019e-02 9.117624e-15 9.911440e-15 3.221925e+02
1.207176e-02 1.062716e-14 1.149221e-14 3.735788e+02
1.208333e-02 9.665701e-15 1.036082e-14 3.368006e+02
1.209491e-02 9.724306e-15 1.046797e-14 3.402838e+02
1.210648e-02 1.051641e-14 1.142055e-14 3.712493e+02
1.211806e-02 1.106241e-14 1.211534e-14 3.938350e+02
1.212963e-02 1.096777e-14 1.198321e-14 3.895400e+02
1.214120e-02 1.154182e-14 1.267743e-14 4.121070e+02
1.215278e-02 1.214764e-14 1.326860e-14 4.313241e+02
1.216435e-02 1.221009e-14 1.317596e-14 4.283127e+02
1.217593e-02 1.199944e-14 1.290295e-14 4.194379e+02
1.218750e-02 1.178794e-14 1.295646e-14 4.211776e+02
1.219907e-02 1.163699e-14 1.274394e-14 4.142690e+02
1.221065e-02 1.220106e-14 1.319702e-14 4.289974e+02
1.222222e-02 1.186580e-14 1.279456e-14 4.159147e+02
1.223380e-02 1.127478e-14 1.213779e-14 3.945647e+02
1.224537e-02 1.244767e-14 1.351820e-14 4.394378e+02
1.225694e-02 1.173096e-14 1.268812e-14 4.124544e+02
1.226852e-02 1.061163e-14 1.155743e-14 3.756991e+02
1.228009e-02 1.154529e-14 1.263068e-14 4.105873e+02
1.229167e-02 1.024386e-14 1.116955e-14 3.630901e+02
1.230324e-02 1.053120e-14 1.137039e-14 3.696188e+02
1.231481e-02 1.066068e-14 1.156786e-14 3.760380e+02
1.232639e-02 1.021973e-14 1.096974e-14 3.565947e+02
1.233796e-02 9.649088e-15 1.041382e-14 3.385236e+02
1.234954e-02 9.302433e-15 1.003451e-14 3.261931e+02
1.236111e-02 9.545329e-15 1.040332e-14 3.381822e+02
1.237269e-02 9.785717e-15 1.046421e-14 3.401616e+02
1.238426e-02 9.326855e-15 1.008304e-14 3.277708e+02
1.239583e-02 8.560107e-15 9.230208e-15 3.000477e+02
1.240741e-02 8.616369e-15 9.226166e-15 2.999163e+02
1.241898e-02 8.713974e-15 9.284336e-15 3.018072e+02
1.243056e-02 8.943206e-15 9.504611e-15 3.089677e+02
1.244213e-02 8.778337e-15 9.394148e-15 3.053769e+02
1.245370e-02 8.622033e-15 9.218494e-15 2.996669e+02
1.246528e-02 9.112001e-15 9.667276e-15 3.142555e+02
1.247685e-02 8.819497e-15 9.395664e-15 3.054261e+02
1.248843e-02 8.478064e-15 9.087425e-15 2.954062e+02
1.250000e-02 9.041849e-15 9.615769e-15 3.125811e+02
1.251157e-02 9.013881e-15 9.577153e-15 3.113258e+02
1.252315e-02 8.437727e-15 8.974013e-15 2.917195e+02
1.253472e-02 9.033884e-15 9.596349e-15 3.119498e+02
1.254630e-02 8.067364e-15 8.649312e-15 2.811644e+02
1.255787e-02 8.752424e-15 9.483647e-15 3.082862e+02
1.256944e-02 8.952252e-15 9.541071e-15 3.101529e+02
1.258102e-02 9.336746e-15 9.927046e-15 3.226999e+02
1.259259e-02 9.115615e-15 9.726877e-15 3.161929e+02
1.260417e-02 8.800234e-15 9.434783e-15 3.066978e+02
1.261574e-02 7.862260e-15 8.490960e-15 2.760168e+02
1.262731e-02 8.152838e-15 8.720400e-15 2.834752e+02
1.263889e-02 8.909121e-15 9.528427e-15 3.097419e+02
1.265046e-02 8.576531e-15 9.218654e-15 2.996720e+02
1.266204e-02 8.750624e-15 9.364720e-15 3.044202e+02
1.267361e-02 8.478134e-15 9.049683e-15 2.941793e+02
1.268519e-02 8.825716e-15 9.375204e-15 3.047610e+02
1.269676e-02 8.685299e-15 9.307069e-15 3.025462e+02
1.270833e-02 8.302144e-15 8.846785e-15 2.875836e+02
1.271991e-02 8.375860e-15 8.949213e-15 2.909133e+02
1.273148e-02 9.134782e-15 9.744417e-15 3.167631e+02
1.274306e-02 9.009768e-15 9.582070e-15 3.114857e+02
1.275463e-02 8.794652e-15 9.369337e-15 3.045703e+02
1.276620e-02 9.133875e-15 9.715294e-15 3.158164e+02
1.277778e-02 8.761142e-15 9.342295e-15 3.036913e+02
1.278935e-02 8.707838e-15 9.198047e-15 2.990022e+02
1.280093e-02 8.980334e-15 9.629073e-15 3.130136e+02
1.281250e-02 8.695586e-15 9.352256e-15 3.040151e+02
1.282407e-02 8.579121e-15 9.116653e-15 2.963563e+02
1.283565e-02 8.464578e-15 9.036912e-15 2.937642e+02
1.284722e-02 8.538482e-15 9.121536e-15 2.965150e+02
1.285880e-02 8.880410e-15 9.438951e-15 3.068333e+02
1.287037e-02 8.555591e-15 9.065268e-15 2.946859e+02
1.288194e-02 8.506208e-15 9.097985e-15 2.957494e+02
1.289352e-02 8.675720e-15 9.323421e-15 3.030777e+02
1.290509e-02 9.001249e-15 9.701803e-15 3.153778e+02
1.291667e-02 8.480829e-15 9.005428e-15 2.927407e+02
1.292824e-02 8.597897e-15 9.188129e-15 2.986798e+02
1.293981e-02 8.509365e-15 9.044566e-15 2.940130e+02
1.295139e-02 8.836305e-15 9.462319e-15 3.075929e+02
1.296296e-02 8.485027e-15 9.052981e-15 2.942865e+02
1.297454e-02 8.363087e-15 8.950827e-15 2.909657e+02
1.298611e-02 8.103511e-15 8.593414e-15 2.793473e+02
1.299769e-02 8.946901e-15 9.580631e-15 3.114389e+02
1.300926e-02 8.596674e-15 9.186414e-15 2.986240e+02
1.302083e-02 9.331583e-15 9.958980e-15 3.237379e+02
1.303241e-02 9.178800e-15 9.776185e-15 3.177958e+02
1.304398e-02 8.769744e-15 9.379317e-15 3.048947e+02
1.305556e-02 8.969063e-15 9.643546e-15 3.134841e+02
1.306713e-02 8.440914e-15 9.015294e-15 2.930614e+02
1.307870e-02 8.642667e-15 9.264654e-15 3.011674e+02
1.309028e-02 9.049342e-15 9.587698e-15 3.116686e+02
1.310185e-02 8.544708e-15 9.150624e-15 2.974606e+02
1.311343e-02 8.839412e-15 9.412177e-15 3.059629e+02
1.312500e-02 8.120050e-15 8.778168e-15 2.853531e+02
1.313657e-02 8.762696e-15 9.292056e-15 3.020581e+02
1.314815e-02 8.185745e-15 8.827918e-15 2.869704e+02
1.315972e-02 9.271482e-15 9.835031e-15 3.197087e+02
1.317130e-02 9.399058e-15 1.001263e-14 3.254821e+02
1.318287e-02 8.115993e-15 8.637497e-15 2.807803e+02
1.319444e-02 8.408364e-15 9.020756e-15 2.932390e+02
1.320602e-02 9.013097e-15 9.605754e-15 3.122555e+02
1.321759e-02 8.719276e-15 9.275303e-15 3.015135e+02
1.322917e-02 8.901418e-15 9.589173e-15 3.117166e+02
1.324074e-02 8.683419e-15 9.244720e-15 3.005194e+02
1.325231e-02 8.493409e-15 9.136741e-15 2.970093e+02
1.326389e-02 7.966429e-15 8.542948e-15 2.777068e+02
1.327546e-02 9.097452e-15 9.736796e-15 3.165154e+02
1.328704e-02 8.557594e-15 9.193757e-15 2.988627e+02
1.329861e-02 9.136097e-15 9.733675e-15 3.164139e+02
1.331019e-02 8.450346e-15 9.033679e-15 2.936590e+02
1.332176e-02 8.890998e-15 9.439458e-15 3.068498e+02
1.333333e-02 9.682090e-15 1.040008e-14 3.380768e+02
1.334491e-02 8.524465e-15 9.111179e-15 2.961783e+02
1.335648e-02 8.871057e-15 9.502213e-15 3.088897e+02
1.336806e-02 8.822490e-15 9.484802e-15 3.083238e+02
1.337963e-02 8.685614e-15 9.261916e-15 3.010784e+02
1.339120e-02 8.603607e-15 9.223967e-15 2.998448e+02
1.340278e-02 8.561128e-15 9.151801e-15 2.974989e+02
1.341435e-02 8.504600e-15 9.089797e-15 2.954833e+02
1.342593e-02 8.481738e-15 9.129456e-15 2.967725e+02
1.343750e-02 8.743671e-15 9.343372e-15 3.037263e+02
1.344907e-02 8.796528e-15 9.318130e-15 3.029057e+02
1.346065e-02 8.699952e-15 9.282187e-15 3.017373e+02
1.347222e-02 8.853891e-15 9.517626e-15 3.093908e+02
1.348380e-02 9.302151e-15 9.926090e-15 3.226688e+02
1.349537e-02 8.233821e-15 8.766511e-15 2.849742e+02
1.350694e-02 8.964097e-15 9.647721e-15 3.136198e+02
1.351852e-02 9.088118e-15 9.680761e-15 3.146938e+02
1.353009e-02 9.117186e-15 9.697003e-15 3.152218e+02
1.354167e-02 8.560367e-15 9.120009e-15 2.964654e+02
1.355324e-02 8.773310e-15 9.456048e-15 3.073890e+02
1.356481e-02 8.481459e-15 9.059714e-15 2.945054e+02
1.357639e-02 9.171302e-15 9.733399e-15 3.164049e+02
1.358796e-02 8.599267e-15 9.097658e-15 2.957388e+02
1.359954e-02 8.577717e-15 9.145722e-15 2.973012e+02
1.361111e-02 8.816909e-15 9.388933e-15 3.052073e+02
1.362269e-02 9.149711e-15 9.820761e-15 3.192448e+02
1.363426e-02 9.196067e-15 9.808519e-15 3.188469e+02
1.364583e-02 9.026788e-15 9.554407e-15 3.105864e+02
1.365741e-02 8.463384e-15 9.000828e-15 2.925912e+02
1.366898e-02 9.105743e-15 9.750696e-15 3.169672e+02
1.368056e-02 8.430214e-15 8.956767e-15 2.911588e+02
1.369213e-02 9.232008e-15 9.809046e-15 3.188640e+02
1.370370e-02 8.329937e-15 8.939921e-15 2.906113e+02
1.371528e-02 8.853163e-15 9.420280e-15 3.062263e+02
1.372685e-02 8.930622e-15 9.532011e-15 3.098584e+02
1.373843e-02 8.002594e-15 8.613700e-15 2.800067e+02
1.375000e-02 8.701401e-15 9.326212e-15 3.031685e+02
1.376157e-02 8.993688e-15 9.517992e-15 3.094027e+02
1.377315e-02 8.760146e-15 9.423615e-15 3.063348e+02
1.378472e-02 8.792494e-15 9.371392e-15 3.046371e+02
1.379630e-02 8.700985e-15 9.314703e-15 3.027943e+02
1.380787e-02 8.089777e-15 8.616723e-15 2.801050e+02
1.381944e-02 8.643655e-15 9.255305e-15 3.008635e+02
1.383102e-02 9.300755e-15 9.928915e-15 3.227606e+02
1.384259e-02 8.586324e-15 9.130329e-15 2.968008e+02
1.385417e-02 8.851864e-15 9.470865e-15 3.078707e+02
1.386574e-02 9.143848e-15 9.802492e-15 3.186509e+02
1.387731e-02 8.699486e-15 9.269410e-15 3.013220e+02
1.388889e-02 8.608888e-15 9.246449e-15 3.005756e+02
1.390046e-02 9.247373e-15 9.851653e-15 3.202490e+02
1.391204e-02 8.469490e-15 9.156092e-15 2.976383e+02
1.392361e-02 8.209690e-15 8.763225e-15 2.848674e+02
1.393519e-02 9.077096e-15 9.676146e-15 3.145438e+02
1.394676e-02 9.414138e-15 1.014878e-14 3.299077e+02
1.395833e-02 8.397032e-15 9.023541e-15 2.933295e+02
1.396991e-02 8.885907e-15 9.469734e-15 3.078339e+02
1.398148e-02 8.684045e-15 9.287126e-15 3.018979e+02
1.399306e-02 8.505049e-15 9.137044e-15 2.970191e+02
1.400463e-02 8.406774e-15 8.930816e-15 2.903153e+02
1.401620e-02 8.879240e-15 9.491796e-15 3.085511e+02
1.402778e-02 8.548393e-15 9.135510e-15 2.969693e+02
1.403935e-02 8.981755e-15 9.624364e-15 3.128605e+02
1.405093e-02 8.905976e-15 9.591571e-15 3.117945e+02
1.406250e-02 8.721580e-15 9.327796e-15 3.032199e+02
1.407407e-02 8.482788e-15 9.130707e-15 2.968132e+02
1.408565e-02 9.151995e-15 9.821213e-15 3.192595e+02
1.409722e-02 9.052662e-15 9.665367e-15 3.141934e+02
1.410880e-02 8.406810e-15 8.866880e-15 2.882369e+02
1.412037e-02 8.550140e-15 9.167516e-15 2.980097e+02
1.413194e-02 9.060597e-15 9.662104e-15 3.140873e+02
1.414352e-02 9.097710e-15 9.715206e-15 3.158135e+02
1.415509e-02 9.042086e-15 9.655311e-15 3.138665e+02
1.416667e-02 8.752740e-15 9.263241e-15 3.011214e+02
1.417824e-02 8.628590e-15 9.320484e-15 3.029823e+02
1.418981e-02 8.707075e-15 9.303119e-15 3.024178e+02
1.420139e-02 8.383775e-15 8.908956e-15 2.896047e+02
1.421296e-02 8.225536e-15 8.774378e-15 2.852299e+02
1.422454e-02 9.228201e-15 9.903557e-15 3.219363e+02
1.423611e-02 8.801061e-15 9.445388e-15 3.070425e+02
1.424769e-02 8.769157e-15 9.368929e-15 3.045570e+02
1.425926e-02 8.802300e-15 9.550995e-15 3.104755e+02
1.427083e-02 8.480654e-15 9.041235e-15 2.939047e+02
1.428241e-02 9.211652e-15 9.746090e-15 3.168175e+02
1.429398e-02 8.522516e-15 9.128587e-15 2.967442e+02
1.430556e-02 8.801144e-15 9.477145e-15 3.080749e+02
1.431713e-02 9.207414e-15 9.825998e-15 3.194151e+02
1.432870e-02 9.075138e-15 9.689313e-15 3.149718e+02
1.434028e-02 8.650852e-15 9.235032e-15 3.002045e+02
1.435185e-02 9.437817e-15 1.004534e-14 3.265454e+02
1.436343e-02 9.198583e-15 9.752174e-15 3.170153e+02
1.437500e-02 8.298633e-15 8.832826e-15 2.871299e+02
1.438657e-02 9.095357e-15 9.806572e-15 3.187836e+02
1.439815e-02 9.532764e-15 1.022617e-14 3.324235e+02
1.440972e-02 9.285579e-15 9.926526e-15 3.226829e+02
1.442130e-02 9.159017e-15 9.813338e-15 3.190035e+02
1.443287e-02 8.924047e-15 9.509005e-15 3.091105e+02
1.444444e-02 1.045478e-14 1.116428e-14 3.629188e+02
1.445602e-02 8.841005e-15 9.484247e-15 3.083057e+02
1.446759e-02 9.349737e-15 9.998933e-15 3.250367e+02
1.447917e-02 9.147097e-15 9.808997e-15 3.188624e+02
1.449074e-02 8.571146e-15 9.237768e-15 3.002934e+02
1.450231e-02 9.218744e-15 9.827018e-15 3.194482e+02
1.451389e-02 8.609447e-15 9.227422e-15 2.999571e+02
1.452546e-02 8.325817e-15 8.954197e-15 2.910753e+02
1.453704e-02 9.094702e-15 9.701857e-15 3.153796e+02
1.454861e-02 9.094935e-15 9.680709e-15 3.146921e+02
1.456019e-02 9.560482e-15 1.016080e-14 3.302987e+02
1.457176e-02 8.707078e-15 9.349057e-15 3.039111e+02
1.458333e-02 8.653867e-15 9.246579e-15 3.005798e+02
1.459491e-02 8.959337e-15 9.585984e-15 3.116129e+02
1.460648e-02 8.927124e-15 9.553816e-15 3.105672e+02
1.461806e-02 8.652414e-15 9.257357e-15 3.009302e+02
1.462963e-02 9.193255e-15 9.730126e-15 3.162985e+02
1.464120e-02 8.606740e-15 9.220784e-15 2.997413e+02
1.465278e-02 9.157828e-15 9.750920e-15 3.169745e+02
1.466435e-02 9.615986e-15 1.029858e-14 3.347775e+02
1.467593e-02 8.789330e-15 9.328712e-15 3.032497e+02
1.468750e-02 8.391143e-15 8.922143e-15 2.900333e+02
1.469907e-02 8.856502e-15 9.399768e-15 3.055596e+02
1.471065e-02 8.755882e-15 9.337239e-15 3.035269e+02
1.472222e-02 9.526538e-15 1.010247e-14 3.284022e+02
1.473380e-02 8.671084e-15 9.213591e-15 2.995075e+02
1.474537e-02 8.634485e-15 9.250446e-15 3.007055e+02
1.475694e-02 9.444443e-15 1.001865e-14 3.256777e+02
1.476852e-02 8.679694e-15 9.302624e-15 3.024017e+02
1.478009e-02 8.772487e-15 9.347267e-15 3.038529e+02
1.479167e-02 8.774865e-15 9.373164e-15 3.046947e+02
1.480324e-02 8.796692e-15 9.287460e-15 3.019087e+02
1.481481e-02 9.303396e-15 9.919689e-15 3.224607e+02
1.482639e-02 9.161594e-15 9.804908e-15 3.187295e+02
1.483796e-02 9.158415e-15 9.836462e-15 3.197552e+02
1.484954e-02 8.971969e-15 9.551367e-15 3.104876e+02
1.486111e-02 8.919260e-15 9.560891e-15 3.107972e+02
1.487269e-02 8.488182e-15 9.128279e-15 2.967342e+02
1.488426e-02 8.959697e-15 9.723660e-15 3.160883e+02
1.489583e-02 8.651702e-15 9.230077e-15 3.000434e+02
1.490741e-02 8.984402e-15 9.574487e-15 3.112391e+02
1.491898e-02 8.956229e-15 9.589127e-15 3.117151e+02
1.493056e-02 8.590706e-15 9.177717e-15 2.983413e+02
1.494213e-02 8.670896e-15 9.174530e-15 2.982377e+02
1.495370e-02 8.940372e-15 9.532645e-15 3.098790e+02
1.496528e-02 8.685653e-15 9.294868e-15 3.021496e+02
1.497685e-02 9.601479e-15 1.031851e-14 3.354253e+02
1.498843e-02 8.534326e-15 9.153542e-15 2.975554e+02
1.500000e-02 8.969925e-15 9.564173e-15 3.109039e+02
1.501157e-02 9.072140e-15 9.662148e-15 3.140888e+02
1.502315e-02 8.428145e-15 9.018926e-15 2.931795e+02
1.503472e-02 8.793340e-15 9.367467e-15 3.045095e+02
1.504630e-02 8.297781e-15 8.851639e-15 2.877414e+02
1.505787e-02 8.777573e-15 9.331285e-15 3.033334e+02
1.506944e-02 8.675493e-15 9.252713e-15 3.007792e+02
1.508102e-02 8.849925e-15 9.467001e-15 3.077451e+02
1.509259e-02 9.309380e-15 9.933647e-15 3.229144e+02
1.510417e-02 9.034719e-15 9.675427e-15 3.145204e+02
1.511574e-02 8.718235e-15 9.274225e-15 3.014785e+02
1.512731e-02 8.478490e-15 9.004651e-15 2.927154e+02
1.513889e-02 9.230992e-15 9.835084e-15 3.197104e+02
1.515046e-02 8.933050e-15 9.622581e-15 3.128025e+02
1.516204e-02 8.731459e-15 9.410755e-15 3.059167e+02
1.517361e-02 9.210323e-15 9.823805e-15 3.193438e+02
1.518519e-02 8.637238e-15 9.315267e-15 3.028127e+02
1.519676e-02 8.523359e-15 9.139609e-15 2.971025e+02
1.520833e-02 9.566657e-15 1.022030e-14 3.322327e+02
1.521991e-02 9.148035e-15 9.763829e-15 3.173941e+02
1.523148e-02 9.300603e-15 9.884695e-15 3.213231e+02
1.524306e-02 8.896902e-15 9.451234e-15 3.072326e+02
1.525463e-02 8.625244e-15 9.198752e-15 2.990251e+02
1.526620e-02 8.486066e-15 9.136088e-15 2.969881e+02
1.527778e-02 8.476687e-15 9.075317e-15 2.950126e+02
1.528935e-02 9.033701e-15 9.662380e-15 3.140963e+02
1.530093e-02 8.478210e-15 9.127407e-15 2.967059e+02
1.531250e-02 9.272403e-15 9.848686e-15 3.201526e+02
1.532407e-02 8.633246e-15 9.185997e-15 2.986105e+02
1.533565e-02 8.480479e-15 9.082953e-15 2.952608e+02
1.534722e-02 8.474355e-15 9.082100e-15 2.952331e+02
1.535880e-02 8.424369e-15 8.966286e-15 2.914683e+02
1.537037e-02 8.738837e-15 9.245214e-15 3.005354e+02
1.538194e-02 8.324464e-15 8.831505e-15 2.870870e+02
1.539352e-02 8.799508e-15 9.479852e-15 3.081628e+02
1.540509e-02 9.116990e-15 9.759168e-15 3.172426e+02
1.541667e-02 9.243822e-15 9.821106e-15 3.192560e+02
1.542824e-02 8.813427e-15 9.362348e-15 3.043431e+02
1.543981e-02 8.499603e-15 9.063123e-15 2.946162e+02
1.545139e-02 8.940307e-15 9.539334e-15 3.100964e+02
1.546296e-02 8.317936e-15 8.913541e-15 2.897537e+02
1.547454e-02 8.609159e-15 9.258272e-15 3.009599e+02
1.548611e-02 8.941203e-15 9.501439e-15 3.088646e+02
1.549769e-02 9.279438e-15 9.937701e-15 3.230462e+02
1.550926e-02 9.215671e-15 9.925937e-15 3.226638e+02
1.552083e-02 8.554198e-15 9.141031e-15 2.971487e+02
1.553241e-02 8.583970e-15 9.219918e-15 2.997131e+02
1.554398e-02 8.429701e-15 8.995070e-15 2.924040e+02
1.555556e-02 9.998953e-15 1.058986e-14 3.442461e+02
1.556713e-02 8.623715e-15 9.247010e-15 3.005938e+02
1.557870e-02 8.529064e-15 9.072908e-15 2.949343e+02
1.559028e-02 8.635147e-15 9.222347e-15 2.997921e+02
1.560185e-02 9.602855e-15 1.025121e-14 3.332376e+02
1.561343e-02 9.125742e-15 9.772086e-15 3.176625e+02
1.562500e-02 9.034610e-15 9.675080e-15 3.145092e+02
1.563657e-02 9.374162e-15 9.969467e-15 3.240788e+02
1.564815e-02 8.874954e-15 9.477673e-15 3.080920e+02
1.565972e-02 8.695174e-15 9.280393e-15 3.016790e+02
1.567130e-02 8.643432e-15 9.228690e-15 2.999983e+02
1.568287e-02 8.660898e-15 9.338353e-15 3.035631e+02
1.569444e-02 9.065492e-15 9.653617e-15 3.138114e+02
1.570602e-02 9.277336e-15 9.877653e-15 3.210942e+02
1.571759e-02 8.214790e-15 8.783370e-15 2.855222e+02
1.572917e-02 9.136879e-15 9.795417e-15 3.184210e+02
1.574074e-02 9.116076e-15 9.757654e-15 3.171934e+02
1.575231e-02 8.888431e-15 9.480966e-15 3.081991e+02
1.576389e-02 9.031533e-15 9.620012e-15 3.127191e+02
1.577546e-02 8.812636e-15 9.475789e-15 3.080308e+02
1.578704e-02 8.922778e-15 9.536984e-15 3.100200e+02
1.579861e-02 9.019252e-15 9.622084e-15 3.127864e+02
1.581019e-02 8.321435e-15 8.956399e-15 2.911469e+02
1.582176e-02 9.452231e-15 1.011324e-14 3.287523e+02
1.583333e-02 8.738499e-15 9.385936e-15 3.051099e+02
1.584491e-02 8.605911e-15 9.187365e-15 2.986549e+02
1.585648e-02 9.282753e-15 9.871500e-15 3.208942e+02
1.586806e-02 9.407623e-15 1.001589e-14 3.255880e+02
1.587963e-02 8.965940e-15 9.605493e-15 3.122471e+02
1.589120e-02 9.084565e-15 9.695560e-15 3.151749e+02
1.590278e-02 9.210714e-15 9.785141e-15 3.180869e+02
1.591435e-02 9.218299e-15 9.851517e-15 3.202446e+02
1.592593e-02 9.025345e-15 9.623166e-15 3.128216e+02
1.593750e-02 8.964251e-15 9.532155e-15 3.098631e+02
1.594907e-02 8.544737e-15 9.114006e-15 2.962703e+02
1.596065e-02 9.071173e-15 9.695421e-15 3.151704e+02
1.597222e-02 8.611622e-15 9.180979e-15 2.984473e+02
1.598380e-02 8.611172e-15 9.191644e-15 2.987940e+02
1.599537e-02 8.897487e-15 9.411471e-15 3.059400e+02
1.600694e-02 9.419159e-15 1.011266e-14 3.287335e+02
1.601852e-02 8.545403e-15 9.138352e-15 2.970617e+02
1.603009e-02 9.183970e-15 9.875146e-15 3.210127e+02
1.604167e-02 8.619082e-15 9.152151e-15 2.975102e+02
1.605324e-02 9.232350e-15 9.863827e-15 3.206448e+02
1.606481e-02 9.120113e-15 9.692911e-15 3.150888e+02
1.607639e-02 9.384297e-15 9.982109e-15 3.244898e+02
1.608796e-02 9.143109e-15 9.823554e-15 3.193356e+02
1.609954e-02 8.742295e-15 9.363550e-15 3.043822e+02
1.611111e-02 9.466652e-15 1.009867e-14 3.282788e+02
1.612269e-02 9.394468e-15 1.003997e-14 3.263707e+02
1.613426e-02 8.562134e-15 9.180984e-15 2.984475e+02
1.614583e-02 8.882321e-15 9.427425e-15 3.064586e+02
1.615741e-02 9.062141e-15 9.726896e-15 3.161935e+02
1.616898e-02 8.721573e-15 9.340770e-15 3.036417e+02
1.618056e-02 8.892535e-15 9.513104e-15 3.092438e+02
1.619213e-02 8.696482e-15 9.314893e-15 3.028005e+02
1.620370e-02 9.306214e-15 9.943278e-15 3.232275e+02
1.621528e-02 8.964875e-15 9.609416e-15 3.123746e+02
1.622685e-02 8.553608e-15 9.148035e-15 2.973764e+02
1.623843e-02 8.921204e-15 9.517173e-15 3.093760e+02
1.625000e-02 9.044192e-15 9.690844e-15 3.150216e+02
1.626157e-02 9.353681e-15 1.003616e-14 3.262467e+02
1.627315e-02 8.823977e-15 9.441953e-15 3.069309e+02
1.628472e-02 9.444963e-15 1.011033e-14 3.286579e+02
1.629630e-02 8.341894e-15 8.949800e-15 2.909324e+02
1.630787e-02 8.882023e-15 9.472529e-15 3.079248e+02
1.631944e-02 8.342127e-15 9.004634e-15 2.927149e+02
1.633102e-02 8.877149e-15 9.476363e-15 3.080494e+02
1.634259e-02 9.014862e-15 9.657742e-15 3.139455e+02
1.635417e-02 8.504269e-15 9.078865e-15 2.951279e+02
1.636574e-02 8.919689e-15 9.526501e-15 3.096793e+02
1.637731e-02 9.389351e-15 9.977207e-15 3.243304e+02
1.638889e-02 8.535058e-15 9.042559e-15 2.939477e+02
1.640046e-02 8.642742e-15 9.203224e-15 2.991705e+02
1.641204e-02 9.054791e-15 9.667169e-15 3.142520e+02
1.642361e-02 8.713796e-15 9.282643e-15 3.017522e+02
1.643519e-02 9.636762e-15 1.021986e-14 3.322184e+02
1.644676e-02 8.943972e-15 9.573099e-15 3.111940e+02
1.645833e-02 8.800314e-15 9.526981e-15 3.096949e+02
1.646991e-02 9.539762e-15 1.016098e-14 3.303043e+02
1.648148e-02 9.297394e-15 9.955213e-15 3.236155e+02
1.649306e-02 8.823295e-15 9.400491e-15 3.055830e+02
1.650463e-02 9.070641e-15 9.664841e-15 3.141763e+02
1.651620e-02 8.628487e-15 9.276602e-15 3.015558e+02
1.652778e-02 8.716971e-15 9.280241e-15 3.016741e+02
1.653935e-02 8.987941e-15 9.523201e-15 3.095720e+02
1.655093e-02 9.164862e-15 9.844282e-15 3.200094e+02
1.656250e-02 8.762107e-15 9.383707e-15 3.050374e+02
1.657407e-02 8.764816e-15 9.370779e-15 3.046172e+02
1.658565e-02 8.562800e-15 9.072535e-15 2.949221e+02
1.659722e-02 9.410443e-15 1.009036e-14 3.280086e+02
1.660880e-02 9.488429e-15 1.013255e-14 3.293803e+02
1.662037e-02 8.514158e-15 9.061315e-15 2.945574e+02
1.663194e-02 8.817584e-15 9.389934e-15 3.052399e+02
1.664352e-02 9.405968e-15 1.004675e-14 3.265911e+02
1.665509e-02 8.848309e-15 9.486119e-15 3.083666e+02
1.665509e-02 1e10 1e10 1e10
